05,02,049,SpineBase,-0.703371,0.2398669,2.572212
05,02,050,SpineMid,-0.7167943,0.5231636,2.480296
05,02,050,Neck,-0.7262894,0.7971712,2.378036
05,02,050,Head,-0.6681018,0.9123678,2.34638
05,02,050,ShoulderLeft,-0.8209079,0.6682526,2.32633
05,02,050,ElbowLeft,-0.880834,0.4285406,2.387159
05,02,050,WristLeft,-0.8268735,0.1993268,2.339687
05,02,050,HandLeft,-0.809622,0.1461431,2.338169
05,02,050,ShoulderRight,-0.6176841,0.7137461,2.536437
05,02,050,ElbowRight,-0.6095141,0.5150962,2.681269
05,02,050,WristRight,-0.6033888,0.3239007,2.751456
05,02,050,HandRight,-0.6021823,0.2608885,2.77852
05,02,050,HipLeft,-0.7372738,0.2269401,2.506811
05,02,050,KneeLeft,-0.8454559,-0.1172048,2.637746
05,02,050,AnkleLeft,-0.928505,-0.4086915,2.842808
05,02,050,FootLeft,-0.9176835,-0.477358,2.805785
05,02,050,HipRight,-0.6510366,0.2464959,2.570113
05,02,050,KneeRight,-0.6260531,-0.1076367,2.658546
05,02,050,AnkleRight,-0.5934159,-0.451782,2.709498
05,02,050,FootRight,-0.5563921,-0.5139775,2.659466
05,02,050,SpineShoulder,-0.7246021,0.7300707,2.405521
05,02,050,HandTipLeft,-0.8099662,0.08629243,2.335351
05,02,050,ThumbLeft,-0.7886969,0.1240097,2.382167
05,02,050,HandTipRight,-0.6001051,0.2599886,2.768935
05,02,050,ThumbRight,-0.5973957,0.2588148,2.756434
05,02,154,SpineBase,-0.647594,0.2366111,2.540227
05,02,154,SpineMid,-0.6612674,0.5249024,2.449946
05,02,154,Neck,-0.6712008,0.8035433,2.349203
05,02,154,Head,-0.6156788,0.9195666,2.31587
05,02,155,ShoulderLeft,-0.775233,0.6755245,2.2913
05,02,155,ElbowLeft,-0.8461221,0.4552424,2.311116
05,02,155,WristLeft,-0.7822275,0.2161353,2.298872
05,02,155,HandLeft,-0.7567186,0.1599732,2.299758
05,02,155,ShoulderRight,-0.5571973,0.7135512,2.505645
05,02,155,ElbowRight,-0.5493719,0.4907755,2.646479
05,02,155,WristRight,-0.5367439,0.2851493,2.67635
05,02,155,HandRight,-0.5333044,0.2173001,2.690012
05,02,155,HipLeft,-0.6850538,0.225273,2.473481
05,02,155,KneeLeft,-0.7863061,-0.1307613,2.582939
05,02,155,AnkleLeft,-0.9143892,-0.415513,2.814757
05,02,155,FootLeft,-0.9082742,-0.4848779,2.7827
05,02,155,HipRight,-0.592773,0.2415922,2.538755
05,02,155,KneeRight,-0.5806639,-0.09294844,2.638568
05,02,155,AnkleRight,-0.5893231,-0.4500796,2.704344
05,02,155,FootRight,-0.5567902,-0.5132256,2.656903
05,02,155,SpineShoulder,-0.6693676,0.7353338,2.376322
05,02,155,HandTipLeft,-0.7478407,0.09676373,2.293743
05,02,155,ThumbLeft,-0.724058,0.156016,2.336167
05,02,155,HandTipRight,-0.5313838,0.2165175,2.680325
05,02,155,ThumbRight,-0.5288786,0.2154967,2.667689
05,02,215,SpineBase,-0.6225818,0.2304,2.524207
05,02,215,SpineMid,-0.6342489,0.5197875,2.43597
05,02,215,Neck,-0.6419957,0.7993785,2.33709
05,02,216,Head,-0.5878075,0.9178142,2.30093
05,02,216,ShoulderLeft,-0.7510716,0.6731315,2.280184
05,02,216,ElbowLeft,-0.8210571,0.447346,2.301094
05,02,216,WristLeft,-0.769549,0.2188338,2.287484
05,02,216,HandLeft,-0.7397467,0.1576968,2.279368
05,02,216,ShoulderRight,-0.5229478,0.7115809,2.492599
05,02,216,ElbowRight,-0.5101437,0.4880539,2.624478
05,02,216,WristRight,-0.4926848,0.292761,2.691067
05,02,216,HandRight,-0.4875918,0.2283718,2.71699
05,02,216,HipLeft,-0.6635911,0.2193771,2.460663
05,02,216,KneeLeft,-0.7364939,-0.1505787,2.52853
05,02,216,AnkleLeft,-0.8829436,-0.4259079,2.770872
05,02,216,FootLeft,-0.8136605,-0.4754398,2.689923
05,02,216,HipRight,-0.5644058,0.235186,2.518782
05,02,216,KneeRight,-0.5711665,-0.09216215,2.631026
05,02,216,AnkleRight,-0.5810469,-0.4480512,2.699634
05,02,216,FootRight,-0.5545258,-0.5187852,2.653869
05,02,216,SpineShoulder,-0.6407164,0.7309476,2.363761
05,02,216,HandTipLeft,-0.72778,0.1003495,2.267458
05,02,216,ThumbLeft,-0.7148678,0.1875537,2.326
05,02,216,HandTipRight,-0.4858422,0.2275524,2.707241
05,02,216,ThumbRight,-0.4835601,0.2264835,2.694525
05,02,316,SpineBase,-0.5630589,0.2334228,2.487452
05,02,317,SpineMid,-0.5745328,0.5181513,2.401381
05,02,317,Neck,-0.582678,0.7930617,2.304726
05,02,317,Head,-0.5278129,0.9042386,2.262894
05,02,317,ShoulderLeft,-0.6963413,0.6679091,2.25463
05,02,317,ElbowLeft,-0.7720987,0.4363175,2.286086
05,02,317,WristLeft,-0.7527382,0.2087687,2.278379
05,02,317,HandLeft,-0.7354583,0.1412608,2.271914
05,02,317,ShoulderRight,-0.4658175,0.705452,2.459118
05,02,317,ElbowRight,-0.4377995,0.4914732,2.582275
05,02,317,WristRight,-0.4101867,0.2545817,2.676801
05,02,317,HandRight,-0.4103932,0.1794066,2.649
05,02,317,HipLeft,-0.6058906,0.2218341,2.421414
05,02,317,KneeLeft,-0.6320992,-0.1443484,2.444846
05,02,317,AnkleLeft,-0.7681758,-0.4468668,2.681201
05,02,317,FootLeft,-0.7686869,-0.5236821,2.653386
05,02,317,HipRight,-0.5046922,0.2385548,2.484716
05,02,317,KneeRight,-0.5326247,-0.128933,2.609464
05,02,317,AnkleRight,-0.578826,-0.4511901,2.69643
05,02,317,FootRight,-0.5513836,-0.5255153,2.653313
05,02,317,SpineShoulder,-0.5812199,0.725807,2.330842
05,02,317,HandTipLeft,-0.7270722,0.07582251,2.272783
05,02,317,ThumbLeft,-0.7006736,0.1489744,2.26805
05,02,317,HandTipRight,-0.4197245,0.1272494,2.685774
05,02,317,ThumbRight,-0.3910939,0.1791884,2.62675
05,02,387,SpineBase,-0.5472903,0.2306506,2.471889
05,02,387,SpineMid,-0.553633,0.5140931,2.383269
05,02,387,Neck,-0.5560232,0.7874654,2.283801
05,02,387,Head,-0.4986647,0.9015923,2.240453
05,02,387,ShoulderLeft,-0.6758215,0.6662275,2.239311
05,02,387,ElbowLeft,-0.7641876,0.4371818,2.280985
05,02,387,WristLeft,-0.7517281,0.2073773,2.278543
05,02,387,HandLeft,-0.7421531,0.1418933,2.28067
05,02,387,ShoulderRight,-0.432989,0.6949099,2.438232
05,02,387,ElbowRight,-0.4029846,0.4554295,2.558915
05,02,387,WristRight,-0.3514231,0.2543569,2.598177
05,02,387,HandRight,-0.3386436,0.1820505,2.602864
05,02,387,HipLeft,-0.5924801,0.2205746,2.408283
05,02,387,KneeLeft,-0.5627409,-0.148273,2.392271
05,02,387,AnkleLeft,-0.6567326,-0.4735102,2.605171
05,02,387,FootLeft,-0.6205796,-0.5477497,2.578456
05,02,388,HipRight,-0.4867032,0.234079,2.466509
05,02,388,KneeRight,-0.5032771,-0.1321549,2.607992
05,02,388,AnkleRight,-0.5869957,-0.476147,2.670323
05,02,388,FootRight,-0.5215294,-0.5300701,2.581767
05,02,388,SpineShoulder,-0.5560485,0.7206229,2.310644
05,02,388,HandTipLeft,-0.7389268,0.07423915,2.289382
05,02,388,ThumbLeft,-0.7054088,0.1463819,2.267014
05,02,388,HandTipRight,-0.3389635,0.1198591,2.634803
05,02,388,ThumbRight,-0.3225581,0.180459,2.58947
05,02,482,SpineBase,-0.5021883,0.2285181,2.418713
05,02,482,SpineMid,-0.5047702,0.504675,2.335745
05,02,482,Neck,-0.5045353,0.771054,2.242157
05,02,483,Head,-0.4517764,0.8879611,2.196132
05,02,483,ShoulderLeft,-0.6238371,0.6537813,2.199899
05,02,483,ElbowLeft,-0.7314971,0.4245048,2.261023
05,02,483,WristLeft,-0.7525599,0.2024136,2.282189
05,02,483,HandLeft,-0.7547572,0.1401668,2.298829
05,02,483,ShoulderRight,-0.3770779,0.6813821,2.396551
05,02,483,ElbowRight,-0.3375013,0.4723533,2.508001
05,02,483,WristRight,-0.2786198,0.2708746,2.539414
05,02,483,HandRight,-0.2519826,0.1947897,2.538077
05,02,483,HipLeft,-0.5490482,0.2191112,2.357672
05,02,483,KneeLeft,-0.4900217,-0.1723413,2.347326
05,02,483,AnkleLeft,-0.4946442,-0.5245851,2.462581
05,02,483,FootLeft,-0.4619141,-0.6040039,2.392578
05,02,483,HipRight,-0.441122,0.2314463,2.411199
05,02,483,KneeRight,-0.4208318,-0.02917981,2.56265
05,02,483,AnkleRight,-0.5158471,-0.369065,2.61534
05,02,483,FootRight,-0.4958345,-0.4588114,2.514233
05,02,483,SpineShoulder,-0.5050896,0.7059273,2.267509
05,02,483,HandTipLeft,-0.7599086,0.07260533,2.316332
05,02,483,ThumbLeft,-0.7178323,0.1371367,2.287534
05,02,483,HandTipRight,-0.2388576,0.1356358,2.56078
05,02,483,ThumbRight,-0.2618265,0.1887837,2.54925
05,02,583,SpineBase,-0.4522778,0.2091881,2.364892
05,02,583,SpineMid,-0.4590055,0.484993,2.28537
05,02,583,Neck,-0.4630047,0.750913,2.195207
05,02,584,Head,-0.4117677,0.8698416,2.14902
05,02,584,ShoulderLeft,-0.5811884,0.6271242,2.15499
05,02,584,ElbowLeft,-0.6896538,0.4035366,2.221557
05,02,584,WristLeft,-0.7457633,0.1988059,2.277608
05,02,584,HandLeft,-0.7508758,0.1262945,2.298479
05,02,584,ShoulderRight,-0.3288614,0.6592187,2.347656
05,02,584,ElbowRight,-0.2821456,0.4531655,2.459122
05,02,584,WristRight,-0.2079197,0.2483211,2.498978
05,02,584,HandRight,-0.1791242,0.1674462,2.499277
05,02,584,HipLeft,-0.5009078,0.1990119,2.302922
05,02,584,KneeLeft,-0.4378349,-0.208961,2.321844
05,02,584,AnkleLeft,-0.3672142,-0.5739734,2.333531
05,02,584,FootLeft,-0.3078613,-0.6381836,2.261719
05,02,584,HipRight,-0.3905809,0.2133031,2.358366
05,02,584,KneeRight,-0.382139,-0.04430551,2.508158
05,02,584,AnkleRight,-0.5461445,-0.4274514,2.648385
05,02,584,FootRight,-0.4810401,-0.484126,2.55575
05,02,584,SpineShoulder,-0.4624794,0.6859106,2.2197
05,02,584,HandTipLeft,-0.7665855,0.06203399,2.328863
05,02,584,ThumbLeft,-0.7184612,0.1133438,2.289322
05,02,584,HandTipRight,-0.1726755,0.1076142,2.525682
05,02,584,ThumbRight,-0.200923,0.1440796,2.519667
05,02,681,SpineBase,-0.3884369,0.1931251,2.293578
05,02,681,SpineMid,-0.4082513,0.4680133,2.222292
05,02,681,Neck,-0.4252268,0.7328216,2.1404
05,02,682,Head,-0.3721448,0.8541659,2.093027
05,02,682,ShoulderLeft,-0.5366088,0.6005622,2.092475
05,02,682,ElbowLeft,-0.633432,0.3766888,2.164969
05,02,682,WristLeft,-0.6892638,0.177123,2.222605
05,02,682,HandLeft,-0.7077688,0.1013152,2.253532
05,02,682,ShoulderRight,-0.2908555,0.6425762,2.288928
05,02,682,ElbowRight,-0.2467017,0.4216087,2.404383
05,02,682,WristRight,-0.1713995,0.2304531,2.455421
05,02,682,HandRight,-0.1336088,0.1498764,2.453064
05,02,682,HipLeft,-0.4369985,0.1808184,2.227748
05,02,682,KneeLeft,-0.4026736,-0.203329,2.26314
05,02,682,AnkleLeft,-0.3510545,-0.5529754,2.312707
05,02,682,FootLeft,-0.284554,-0.6063992,2.220525
05,02,682,HipRight,-0.3283215,0.1996602,2.290923
05,02,682,KneeRight,-0.3839037,-0.1314534,2.300435
05,02,682,AnkleRight,-0.5463527,-0.4219076,2.591775
05,02,682,FootRight,-0.4778938,-0.4778028,2.499451
05,02,682,SpineShoulder,-0.4214625,0.6681123,2.162814
05,02,682,HandTipLeft,-0.7261735,0.04076594,2.279803
05,02,682,ThumbLeft,-0.6766785,0.08801571,2.24824
05,02,682,HandTipRight,-0.1252863,0.09258187,2.479102
05,02,682,ThumbRight,-0.1463272,0.09993435,2.4936
05,02,784,SpineBase,-0.3347623,0.1740837,2.246152
05,02,785,SpineMid,-0.3623297,0.4595478,2.166373
05,02,785,Neck,-0.3869783,0.7343822,2.075907
05,02,785,Head,-0.3340558,0.8532851,2.033317
05,02,785,ShoulderLeft,-0.4940304,0.5990369,2.026125
05,02,785,ElbowLeft,-0.5668824,0.3551074,2.090968
05,02,785,WristLeft,-0.5993718,0.1440465,2.121233
05,02,785,HandLeft,-0.6090096,0.07527845,2.144565
05,02,785,ShoulderRight,-0.2502288,0.642982,2.224478
05,02,785,ElbowRight,-0.2124917,0.4073996,2.347811
05,02,785,WristRight,-0.1502041,0.2094743,2.39682
05,02,785,HandRight,-0.1263085,0.1399633,2.416735
05,02,785,HipLeft,-0.3828062,0.1664592,2.182843
05,02,785,KneeLeft,-0.3871595,-0.2010381,2.22959
05,02,785,AnkleLeft,-0.3505923,-0.5530306,2.311203
05,02,785,FootLeft,-0.3092916,-0.6288995,2.263507
05,02,785,HipRight,-0.2765101,0.1763758,2.240684
05,02,785,KneeRight,-0.274757,-0.1393695,2.361318
05,02,785,AnkleRight,-0.5167449,-0.4397131,2.590851
05,02,785,FootRight,-0.4473505,-0.4959139,2.498497
05,02,785,SpineShoulder,-0.3812964,0.6672471,2.100453
05,02,785,HandTipLeft,-0.6218953,0.009835636,2.1757
05,02,785,ThumbLeft,-0.5812877,0.06642556,2.120927
05,02,785,HandTipRight,-0.124223,0.07795762,2.445438
05,02,785,ThumbRight,-0.1455404,0.1161565,2.4249
05,02,882,SpineBase,-0.291279,0.1456811,2.209512
05,02,882,SpineMid,-0.3187472,0.440609,2.120946
05,02,882,Neck,-0.3434299,0.7244616,2.021473
05,02,883,Head,-0.2844659,0.84505,1.983428
05,02,883,ShoulderLeft,-0.4446697,0.5825499,1.968858
05,02,883,ElbowLeft,-0.5078009,0.3469725,1.99745
05,02,883,WristLeft,-0.4843026,0.1083016,2.005339
05,02,883,HandLeft,-0.4771017,0.0401049,2.010743
05,02,883,ShoulderRight,-0.2146697,0.6318958,2.173921
05,02,883,ElbowRight,-0.1786251,0.4102678,2.301067
05,02,883,WristRight,-0.1409395,0.192829,2.343775
05,02,883,HandRight,-0.1310891,0.1259143,2.352461
05,02,883,HipLeft,-0.3362745,0.1345388,2.147719
05,02,883,KneeLeft,-0.3768353,-0.2202384,2.220712
05,02,883,AnkleLeft,-0.3516226,-0.5516129,2.310309
05,02,883,FootLeft,-0.3087431,-0.6256384,2.265209
05,02,883,HipRight,-0.2371954,0.1522524,2.20206
05,02,883,KneeRight,-0.2114265,-0.1751927,2.299046
05,02,883,AnkleRight,-0.3038489,-0.4554039,2.431718
05,02,883,FootRight,-0.2331113,-0.5110233,2.34176
05,02,883,SpineShoulder,-0.3377123,0.6551424,2.048282
05,02,883,HandTipLeft,-0.474883,-0.03391366,2.028255
05,02,883,ThumbLeft,-0.4464791,0.06509733,2.027941
05,02,883,HandTipRight,-0.1229412,0.06528053,2.366057
05,02,883,ThumbRight,-0.1413837,0.1124396,2.323267
05,02,950,SpineBase,-0.2574735,0.1402645,2.173135
05,02,950,SpineMid,-0.2885759,0.4366911,2.087583
05,02,950,Neck,-0.3167498,0.7216706,1.990908
05,02,950,Head,-0.2510083,0.83838,1.953903
05,02,950,ShoulderLeft,-0.4088821,0.576391,1.932988
05,02,950,ElbowLeft,-0.4646563,0.3529004,1.935116
05,02,950,WristLeft,-0.4127151,0.09805379,1.921558
05,02,950,HandLeft,-0.3906783,0.03741328,1.93176
05,02,950,ShoulderRight,-0.19553,0.6251467,2.14679
05,02,950,ElbowRight,-0.1492265,0.4510595,2.249958
05,02,950,WristRight,-0.1252354,0.1740912,2.314131
05,02,950,HandRight,-0.1152706,0.1330226,2.323612
05,02,950,HipLeft,-0.3025312,0.1258887,2.108414
05,02,950,KneeLeft,-0.3652515,-0.2246845,2.202491
05,02,950,AnkleLeft,-0.3503938,-0.553043,2.309144
05,02,950,FootLeft,-0.3084645,-0.6261542,2.265055
05,02,951,HipRight,-0.2055285,0.1501848,2.169582
05,02,951,KneeRight,-0.16679,-0.2015431,2.264059
05,02,951,AnkleRight,-0.2725568,-0.5198632,2.412165
05,02,951,FootRight,-0.2243652,-0.5849609,2.410156
05,02,951,SpineShoulder,-0.3101645,0.6521125,2.017034
05,02,951,HandTipLeft,-0.3812608,-0.03412581,1.933458
05,02,951,ThumbLeft,-0.3532205,0.05798128,1.988543
05,02,951,HandTipRight,-0.1076969,0.1255329,2.335804
05,02,951,ThumbRight,-0.1160167,0.12933,2.290333
05,03,083,SpineBase,-0.2031075,0.132304,2.113184
05,03,084,SpineMid,-0.2256777,0.4257018,2.024748
05,03,084,Neck,-0.246048,0.7075137,1.9252
05,03,084,Head,-0.1748959,0.8221912,1.895779
05,03,084,ShoulderLeft,-0.3353706,0.5664706,1.867849
05,03,084,ElbowLeft,-0.3912678,0.3589521,1.844477
05,03,084,WristLeft,-0.2971748,0.1269544,1.787004
05,03,084,HandLeft,-0.2546827,0.05589369,1.757709
05,03,084,ShoulderRight,-0.1401733,0.6247153,2.066712
05,03,084,ElbowRight,-0.09583544,0.4492984,2.180039
05,03,084,WristRight,-0.06937528,0.1756669,2.244331
05,03,084,HandRight,-0.05394646,0.07179502,2.264888
05,03,084,HipLeft,-0.2494365,0.115317,2.044018
05,03,084,KneeLeft,-0.3308198,-0.2425679,2.169899
05,03,084,AnkleLeft,-0.3373155,-0.5605105,2.307688
05,03,084,FootLeft,-0.3051382,-0.6362525,2.263692
05,03,084,HipRight,-0.1501245,0.144899,2.112448
05,03,084,KneeRight,-0.09532231,-0.2049835,2.166541
05,03,084,AnkleRight,-0.08072647,-0.570971,2.238286
05,03,084,FootRight,-0.01879883,-0.6508789,2.189453
05,03,084,SpineShoulder,-0.2413092,0.6387789,1.952042
05,03,084,HandTipLeft,-0.2237332,0.0004524925,1.755506
05,03,084,ThumbLeft,-0.2798094,0.0338528,1.76196
05,03,084,HandTipRight,-0.04662656,0.06455646,2.277039
05,03,084,ThumbRight,-0.05527364,0.06867737,2.231521
05,03,151,SpineBase,-0.1684843,0.1139504,2.089272
05,03,151,SpineMid,-0.1903491,0.409448,1.998795
05,03,151,Neck,-0.2101095,0.6932299,1.896914
05,03,151,Head,-0.1342447,0.8108029,1.869184
05,03,151,ShoulderLeft,-0.2964458,0.5497539,1.837863
05,03,151,ElbowLeft,-0.3578523,0.3472148,1.805395
05,03,151,WristLeft,-0.256479,0.1270029,1.743167
05,03,151,HandLeft,-0.2073413,0.05473597,1.710152
05,03,151,ShoulderRight,-0.1041501,0.6095126,2.03271
05,03,151,ElbowRight,-0.06178571,0.4388535,2.15243
05,03,151,WristRight,-0.03576027,0.1679335,2.21592
05,03,151,HandRight,-0.02006916,0.06130773,2.237232
05,03,151,HipLeft,-0.2120418,0.0994912,2.017322
05,03,151,KneeLeft,-0.3066384,-0.2394532,2.145875
05,03,151,AnkleLeft,-0.3329859,-0.563663,2.307979
05,03,151,FootLeft,-0.3037459,-0.6386111,2.262857
05,03,151,HipRight,-0.1189939,0.1246304,2.090794
05,03,151,KneeRight,-0.06828012,-0.2539147,2.145056
05,03,151,AnkleRight,0.00144009,-0.6158431,2.165864
05,03,152,FootRight,0.0713501,-0.6625977,2.111328
05,03,152,SpineShoulder,-0.2054974,0.6240244,1.924366
05,03,152,HandTipLeft,-0.1702705,0.002384501,1.701221
05,03,152,ThumbLeft,-0.227015,0.02155648,1.71504
05,03,152,HandTipRight,-0.01289654,0.05411072,2.249359
05,03,152,ThumbRight,-0.02173291,0.05828609,2.203811
05,03,254,SpineBase,-0.09550064,0.09073023,2.030803
05,03,254,SpineMid,-0.1219467,0.3885362,1.949805
05,03,254,Neck,-0.1466927,0.6742586,1.857354
05,03,254,Head,-0.07083494,0.7899952,1.834544
05,03,254,ShoulderLeft,-0.2380788,0.5266097,1.7972
05,03,254,ElbowLeft,-0.2978599,0.3157763,1.770736
05,03,254,WristLeft,-0.2073307,0.09018144,1.710107
05,03,254,HandLeft,-0.1657422,0.02029812,1.675378
05,03,254,ShoulderRight,-0.03927425,0.5928378,1.993817
05,03,254,ElbowRight,0.00960006,0.3959574,2.123682
05,03,254,WristRight,0.03514136,0.1261997,2.186771
05,03,254,HandRight,0.05092742,0.01853238,2.208344
05,03,254,HipLeft,-0.1435661,0.07447226,1.961943
05,03,254,KneeLeft,-0.2417731,-0.2644784,2.101855
05,03,254,AnkleLeft,-0.3203071,-0.5768328,2.302296
05,03,254,FootLeft,-0.3001081,-0.6525807,2.260888
05,03,254,HipRight,-0.04419353,0.1038208,2.029186
05,03,254,KneeRight,-0.01101194,-0.266283,2.094327
05,03,254,AnkleRight,0.04039131,-0.6274137,2.126759
05,03,254,FootRight,0.1011353,-0.6894531,2.074219
05,03,254,SpineShoulder,-0.140769,0.6046054,1.882449
05,03,254,HandTipLeft,-0.1318219,-0.03130728,1.662951
05,03,254,ThumbLeft,-0.1932387,-0.006055342,1.689316
05,03,254,HandTipRight,0.05777981,0.01152471,2.22045
05,03,254,ThumbRight,0.04853381,0.01594299,2.17488
05,03,387,SpineBase,-0.004081349,0.0772476,1.958008
05,03,387,SpineMid,-0.03288078,0.382006,1.883724
05,03,387,Neck,-0.06049199,0.6739367,1.797836
05,03,387,Head,0.0173343,0.7864037,1.781239
05,03,387,ShoulderLeft,-0.1591977,0.5201883,1.733961
05,03,387,ElbowLeft,-0.2270474,0.285303,1.746672
05,03,387,WristLeft,-0.1943275,0.05222934,1.725502
05,03,387,HandLeft,-0.1725637,-0.01688357,1.733047
05,03,388,ShoulderRight,0.05033508,0.5773343,1.929459
05,03,388,ElbowRight,0.1070516,0.3902265,2.052413
05,03,388,WristRight,0.1320033,0.1206642,2.115406
05,03,388,HandRight,0.1478178,0.01261634,2.137065
05,03,388,HipLeft,-0.0531958,0.06937364,1.888803
05,03,388,KneeLeft,-0.1119403,-0.2860973,1.982942
05,03,388,AnkleLeft,-0.2763221,-0.5714787,2.234368
05,03,388,FootLeft,-0.2719365,-0.6465279,2.214628
05,03,388,HipRight,0.04509993,0.08232206,1.956467
05,03,388,KneeRight,0.04507613,-0.2752016,2.035793
05,03,388,AnkleRight,0.05063997,-0.6238154,2.114581
05,03,388,FootRight,0.09090874,-0.6868775,2.068427
05,03,388,SpineShoulder,-0.05376176,0.6028221,1.821285
05,03,388,HandTipLeft,-0.17171,-0.09457115,1.732769
05,03,388,ThumbLeft,-0.2222772,-0.0213009,1.741818
05,03,388,HandTipRight,0.1542088,0.005632186,2.149166
05,03,388,ThumbRight,0.1443724,0.01008362,2.103591
05,03,451,SpineBase,0.02454659,0.06915551,1.941963
05,03,452,SpineMid,0.001922722,0.3728298,1.860487
05,03,452,Neck,-0.02011345,0.6637754,1.76671
05,03,452,Head,0.0584473,0.7766663,1.752194
05,03,452,ShoulderLeft,-0.1270153,0.5143326,1.714732
05,03,452,ElbowLeft,-0.209833,0.2755444,1.747424
05,03,452,WristLeft,-0.1949591,0.04302733,1.735311
05,03,452,HandLeft,-0.1908202,-0.02879361,1.751065
05,03,452,ShoulderRight,0.1020768,0.5464147,1.918968
05,03,452,ElbowRight,0.1492139,0.3853092,2.027472
05,03,452,WristRight,0.1735837,0.1165013,2.089605
05,03,452,HandRight,0.1893186,0.008963442,2.111049
05,03,452,HipLeft,-0.02720566,0.06348089,1.874044
05,03,452,KneeLeft,-0.03611831,-0.26468,1.893288
05,03,452,AnkleLeft,-0.2079914,-0.5627937,2.154448
05,03,452,FootLeft,-0.2188721,-0.640625,2.148438
05,03,452,HipRight,0.07545613,0.07212227,1.938886
05,03,452,KneeRight,0.07975715,-0.3080362,1.999612
05,03,452,AnkleRight,0.05201859,-0.6234487,2.112589
05,03,452,FootRight,0.08991536,-0.6868936,2.067507
05,03,452,SpineShoulder,-0.01407573,0.5927588,1.791723
05,03,452,HandTipLeft,-0.1878325,-0.1012699,1.766817
05,03,452,ThumbLeft,-0.2166825,-0.04469027,1.741635
05,03,452,HandTipRight,0.1955036,0.001995355,2.123143
05,03,452,ThumbRight,0.1854042,0.006468475,2.077562
05,03,549,SpineBase,0.08874064,0.06910941,1.902014
05,03,549,SpineMid,0.06116751,0.3666005,1.817293
05,03,549,Neck,0.03402294,0.6512243,1.720805
05,03,549,Head,0.1162891,0.764371,1.702463
05,03,549,ShoulderLeft,-0.0749748,0.5057025,1.676618
05,03,549,ElbowLeft,-0.1710577,0.2497346,1.742809
05,03,549,WristLeft,-0.2002458,0.04135223,1.762478
05,03,549,HandLeft,-0.206003,-0.02862147,1.785806
05,03,549,ShoulderRight,0.1577406,0.5361677,1.879847
05,03,550,ElbowRight,0.2038076,0.3273838,1.984174
05,03,550,WristRight,0.2528574,0.1186504,2.010019
05,03,550,HandRight,0.2755325,0.04772636,2.019261
05,03,550,HipLeft,0.03458144,0.05981782,1.829687
05,03,550,KneeLeft,0.0360234,-0.3082176,1.824768
05,03,550,AnkleLeft,-0.07561316,-0.6465887,2.06035
05,03,550,FootLeft,0.01109314,-0.7006836,2.025391
05,03,550,HipRight,0.1394892,0.07581154,1.903445
05,03,550,KneeRight,0.1167742,-0.274704,1.8854
05,03,550,AnkleRight,0.05909464,-0.6331557,2.097148
05,03,550,FootRight,0.06640267,-0.705752,2.058862
05,03,550,SpineShoulder,0.04075843,0.5819668,1.746917
05,03,550,HandTipLeft,-0.2145961,-0.09861104,1.816872
05,03,550,ThumbLeft,-0.2410617,0.003519109,1.790857
05,03,550,HandTipRight,0.2848746,-0.02210933,2.02252
05,03,550,ThumbRight,0.2978278,0.04975548,1.980909
05,03,651,SpineBase,0.1244806,0.05973261,1.853429
05,03,651,SpineMid,0.1013645,0.3549705,1.769067
05,03,651,Neck,0.07819553,0.6371675,1.67288
05,03,652,Head,0.1635188,0.7430254,1.6559
05,03,652,ShoulderLeft,-0.03189902,0.4970394,1.63464
05,03,652,ElbowLeft,-0.1400012,0.2700378,1.707914
05,03,652,WristLeft,-0.1936402,0.04904026,1.764497
05,03,652,HandLeft,-0.1931941,-0.02088515,1.793222
05,03,652,ShoulderRight,0.2130027,0.5318796,1.844518
05,03,652,ElbowRight,0.2661221,0.2964366,1.94212
05,03,652,WristRight,0.3474548,0.1058702,1.950659
05,03,652,HandRight,0.381242,0.04584172,1.950069
05,03,652,HipLeft,0.06878708,0.05043396,1.780295
05,03,652,KneeLeft,0.1216655,-0.3257779,1.756194
05,03,652,AnkleLeft,0.09974095,-0.702534,1.880049
05,03,652,FootLeft,0.1382361,-0.7603452,1.831033
05,03,652,HipRight,0.1753028,0.0667327,1.855724
05,03,652,KneeRight,0.07663688,-0.312644,2.009077
05,03,652,AnkleRight,0.03863716,-0.6228695,2.086092
05,03,652,FootRight,0.09674454,-0.6692796,2.000321
05,03,652,SpineShoulder,0.08401235,0.5685426,1.698915
05,03,652,HandTipLeft,-0.2090732,-0.08308215,1.825153
05,03,652,ThumbLeft,-0.2307085,0.00417252,1.813357
05,03,652,HandTipRight,0.3967907,-0.007089606,1.941887
05,03,652,ThumbRight,0.3901349,0.06206201,1.9082
05,03,750,SpineBase,0.161319,0.04812211,1.795891
05,03,750,SpineMid,0.1408404,0.3391926,1.714389
05,03,750,Neck,0.1198715,0.6170954,1.621011
05,03,751,Head,0.2036694,0.7212667,1.602295
05,03,751,ShoulderLeft,0.009956882,0.4726368,1.579993
05,03,751,ElbowLeft,-0.1016401,0.2512649,1.659146
05,03,751,WristLeft,-0.1438657,0.04880053,1.730842
05,03,751,HandLeft,-0.1513813,-0.02980453,1.755193
05,03,751,ShoulderRight,0.2583608,0.5066785,1.789695
05,03,751,ElbowRight,0.3129724,0.2761814,1.888275
05,03,751,WristRight,0.4098865,0.09202592,1.889215
05,03,751,HandRight,0.4357516,0.04360923,1.891356
05,03,751,HipLeft,0.1026041,0.04344022,1.725253
05,03,751,KneeLeft,0.1650141,-0.3097149,1.705313
05,03,751,AnkleLeft,0.2230606,-0.7201598,1.741713
05,03,751,FootLeft,0.3028776,-0.7759517,1.68729
05,03,751,HipRight,0.2135639,0.05090362,1.795849
05,03,751,KneeRight,0.09552996,-0.3066159,1.985514
05,03,751,AnkleRight,0.06591803,-0.6154318,2.064316
05,03,751,FootRight,0.1228198,-0.661754,1.978423
05,03,751,SpineShoulder,0.1252075,0.5495594,1.646342
05,03,751,HandTipLeft,-0.169105,-0.09783567,1.794273
05,03,751,ThumbLeft,-0.1834733,0.001365526,1.76615
05,03,751,HandTipRight,0.4561343,-0.01305988,1.884645
05,03,751,ThumbRight,0.4366752,0.05375854,1.83962
05,03,817,SpineBase,0.1920466,0.02638925,1.750274
05,03,817,SpineMid,0.1677826,0.3183136,1.672113
05,03,817,Neck,0.1425192,0.5972168,1.582561
05,03,817,Head,0.2258275,0.7045308,1.571355
05,03,817,ShoulderLeft,0.03923267,0.4490942,1.539031
05,03,818,ElbowLeft,-0.06559647,0.2218557,1.618212
05,03,818,WristLeft,-0.1043858,0.02300263,1.681064
05,03,818,HandLeft,-0.1123719,-0.05696693,1.707943
05,03,818,ShoulderRight,0.274616,0.493957,1.743673
05,03,818,ElbowRight,0.3441526,0.2571198,1.851064
05,03,818,WristRight,0.4275503,0.06739037,1.869141
05,03,818,HandRight,0.4652183,0.007448663,1.864551
05,03,818,HipLeft,0.1326565,0.01885056,1.679264
05,03,818,KneeLeft,0.1844936,-0.3253519,1.679778
05,03,818,AnkleLeft,0.2368547,-0.7265928,1.730226
05,03,818,FootLeft,0.310581,-0.7881659,1.674766
05,03,818,HipRight,0.2435701,0.03284853,1.750771
05,03,818,KneeRight,0.1290444,-0.3236947,1.949553
05,03,818,AnkleRight,0.06209038,-0.6103796,2.066996
05,03,818,FootRight,0.1203554,-0.6560653,1.982041
05,03,818,SpineShoulder,0.149238,0.5292024,1.606455
05,03,819,HandTipLeft,-0.1254657,-0.1294243,1.745022
05,03,819,ThumbLeft,-0.1438251,-0.02376517,1.722188
05,03,819,HandTipRight,0.4759689,-0.03971508,1.851347
05,03,819,ThumbRight,0.4556283,0.03819814,1.811939
05,03,887,SpineBase,0.2166712,0.001062367,1.701245
05,03,887,SpineMid,0.1919086,0.2990626,1.627149
05,03,887,Neck,0.1660724,0.5833678,1.541189
05,03,888,Head,0.242111,0.6941137,1.537226
05,03,888,ShoulderLeft,0.06774431,0.4338666,1.496057
05,03,888,ElbowLeft,-0.02433862,0.1977045,1.560667
05,03,888,WristLeft,-0.05167099,-0.004913146,1.604633
05,03,888,HandLeft,-0.06078441,-0.08663807,1.631338
05,03,888,ShoulderRight,0.2989451,0.4684061,1.701649
05,03,888,ElbowRight,0.3643402,0.2187042,1.81504
05,03,888,WristRight,0.4432331,0.02746033,1.842058
05,03,888,HandRight,0.4586773,0.003043764,1.838736
05,03,888,HipLeft,0.157859,-0.004375822,1.629296
05,03,888,KneeLeft,0.2111994,-0.3561402,1.639399
05,03,888,AnkleLeft,0.249888,-0.7277021,1.713439
05,03,888,FootLeft,0.31846,-0.796064,1.671108
05,03,888,HipRight,0.2663832,0.0064417,1.702821
05,03,888,KneeRight,0.1632668,-0.3518969,1.909991
05,03,888,AnkleRight,0.06670788,-0.6154608,2.050112
05,03,888,FootRight,0.09099397,-0.690116,2.048385
05,03,888,SpineShoulder,0.1728033,0.5142446,1.564462
05,03,888,HandTipLeft,-0.07245057,-0.1607035,1.670583
05,03,888,ThumbLeft,-0.09104664,-0.06137076,1.641158
05,03,888,HandTipRight,0.4812657,-0.06052405,1.836768
05,03,888,ThumbRight,0.4610157,0.0148011,1.787638
05,04,017,SpineBase,0.2897853,-0.01295367,1.65358
05,04,018,SpineMid,0.248593,0.2919875,1.567122
05,04,018,Neck,0.2064357,0.5825794,1.4681
05,04,018,Head,0.2971934,0.6812044,1.468577
05,04,018,ShoulderLeft,0.1172598,0.4272963,1.417743
05,04,018,ElbowLeft,0.0525509,0.1814429,1.442539
05,04,018,WristLeft,0.07412288,-0.05294048,1.431099
05,04,018,HandLeft,0.08083981,-0.1179429,1.435519
05,04,018,ShoulderRight,0.3127592,0.5021272,1.59754
05,04,018,ElbowRight,0.3782379,0.2503808,1.711945
05,04,018,WristRight,0.4187748,0.05156253,1.762596
05,04,018,HandRight,0.4310198,-0.01626806,1.781976
05,04,018,HipLeft,0.2348963,-0.01921865,1.586679
05,04,018,KneeLeft,0.207728,-0.3524382,1.625739
05,04,018,AnkleLeft,0.2463848,-0.7217587,1.707041
05,04,018,FootLeft,0.3126591,-0.7916631,1.670867
05,04,018,HipRight,0.3322991,-0.006158692,1.65052
05,04,018,KneeRight,0.3564551,-0.3125468,1.726406
05,04,018,AnkleRight,0.1509813,-0.6026767,1.968745
05,04,018,FootRight,0.2094988,-0.6465075,1.88656
05,04,018,SpineShoulder,0.2171398,0.5120664,1.494845
05,04,018,HandTipLeft,0.08556426,-0.1927021,1.450327
05,04,018,ThumbLeft,0.05803896,-0.1435643,1.4198
05,04,018,HandTipRight,0.4347515,-0.06231696,1.797315
05,04,018,ThumbRight,0.4085537,0.003594876,1.729125
05,04,083,SpineBase,0.3045864,-0.01466874,1.642153
05,04,083,SpineMid,0.2608833,0.2902174,1.553541
05,04,083,Neck,0.2164219,0.5806259,1.451835
05,04,084,Head,0.3118099,0.6765927,1.453352
05,04,084,ShoulderLeft,0.1379283,0.4224717,1.39255
05,04,084,ElbowLeft,0.08643108,0.1672294,1.386903
05,04,084,WristLeft,0.1418012,-0.04678074,1.350961
05,04,084,HandLeft,0.161139,-0.1166451,1.337227
05,04,084,ShoulderRight,0.3227006,0.5001097,1.581282
05,04,084,ElbowRight,0.3883576,0.2471496,1.696304
05,04,084,WristRight,0.4086395,-0.04032345,1.668074
05,04,084,HandRight,0.4140798,-0.3045667,1.666906
05,04,084,HipLeft,0.2501502,-0.02320926,1.576579
05,04,084,KneeLeft,0.2097518,-0.3508835,1.622425
05,04,084,AnkleLeft,0.2459908,-0.7204776,1.705852
05,04,084,FootLeft,0.3076303,-0.7919407,1.674835
05,04,084,HipRight,0.3462469,-0.005532915,1.637522
05,04,084,KneeRight,0.3727708,-0.3105516,1.711085
05,04,084,AnkleRight,0.1848917,-0.6236242,1.945806
05,04,084,FootRight,0.166748,-0.7163086,1.929688
05,04,084,SpineShoulder,0.2276995,0.5101832,1.479306
05,04,084,HandTipLeft,0.1836057,-0.1859107,1.341558
05,04,084,ThumbLeft,0.1541708,-0.130165,1.29345
05,04,084,HandTipRight,0.4259125,-0.3776835,1.696996
05,04,084,ThumbRight,0.3780151,-0.3159193,1.642484
05,04,184,SpineBase,0.3114186,-0.02259174,1.633652
05,04,184,SpineMid,0.2779967,0.2818355,1.531903
05,04,184,Neck,0.2476708,0.5737137,1.411204
05,04,184,Head,0.335957,0.6787007,1.420997
05,04,184,ShoulderLeft,0.1689858,0.4190071,1.358855
05,04,184,ElbowLeft,0.1238752,0.1996289,1.320333
05,04,184,WristLeft,0.218857,-0.02345563,1.235547
05,04,184,HandLeft,0.2535176,-0.089231,1.209618
05,04,184,ShoulderRight,0.353784,0.4930541,1.540668
05,04,184,ElbowRight,0.4191167,0.2395858,1.655956
05,04,184,WristRight,0.4101735,-0.04941234,1.631888
05,04,184,HandRight,0.4144605,-0.3243129,1.643191
05,04,184,HipLeft,0.2575177,-0.0282078,1.567909
05,04,184,KneeLeft,0.2289171,-0.3642007,1.616686
05,04,184,AnkleLeft,0.2465,-0.7209231,1.706348
05,04,184,FootLeft,0.3082191,-0.7916986,1.674334
05,04,184,HipRight,0.3521138,-0.01649123,1.62908
05,04,185,KneeRight,0.3858046,-0.3647471,1.691624
05,04,185,AnkleRight,0.3530562,-0.7110814,1.835594
05,04,185,FootRight,0.4042969,-0.7714844,1.795898
05,04,185,SpineShoulder,0.2554469,0.5026638,1.443504
05,04,185,HandTipLeft,0.2845889,-0.1428922,1.201239
05,04,185,ThumbLeft,0.2778356,-0.07820735,1.176774
05,04,185,HandTipRight,0.4204108,-0.409887,1.668882
05,04,185,ThumbRight,0.3609115,-0.3120089,1.629705
05,04,250,SpineBase,0.3111727,-0.03544311,1.592914
05,04,251,SpineMid,0.2842121,0.2776653,1.511528
05,04,251,Neck,0.2526254,0.5732542,1.407073
05,04,251,Head,0.3425522,0.6740724,1.413796
05,04,251,ShoulderLeft,0.1747604,0.4174343,1.352481
05,04,251,ElbowLeft,0.1365395,0.1983567,1.305031
05,04,251,WristLeft,0.2580727,-0.005988306,1.186587
05,04,251,HandLeft,0.2956227,-0.0622918,1.157419
05,04,251,ShoulderRight,0.358712,0.4925706,1.536533
05,04,251,ElbowRight,0.424064,0.2387574,1.651978
05,04,251,WristRight,0.4148027,-0.05055726,1.626794
05,04,251,HandRight,0.4156176,-0.3310967,1.633261
05,04,251,HipLeft,0.2534515,-0.03666222,1.516948
05,04,251,KneeLeft,0.2333801,-0.4001218,1.618431
05,04,251,AnkleLeft,0.2463499,-0.7214274,1.7061
05,04,251,FootLeft,0.3090501,-0.7926087,1.672909
05,04,251,HipRight,0.3544835,-0.03151984,1.598611
05,04,251,KneeRight,0.3946839,-0.4140291,1.699175
05,04,251,AnkleRight,0.3654437,-0.7131405,1.803379
05,04,251,FootRight,0.4356699,-0.7784007,1.760183
05,04,251,SpineShoulder,0.2608446,0.5017365,1.436585
05,04,251,HandTipLeft,0.3394196,-0.1130252,1.143286
05,04,251,ThumbLeft,0.3177896,-0.04442215,1.125548
05,04,251,HandTipRight,0.4177625,-0.4201968,1.654011
05,04,251,ThumbRight,0.3630728,-0.3197766,1.610685
05,04,317,SpineBase,0.3138102,-0.03492983,1.583325
05,04,318,SpineMid,0.2908896,0.2766508,1.499434
05,04,318,Neck,0.2638752,0.5718195,1.399676
05,04,318,Head,0.3536651,0.6720748,1.406955
05,04,318,ShoulderLeft,0.1849045,0.4143597,1.343768
05,04,318,ElbowLeft,0.1494365,0.1927075,1.290714
05,04,318,WristLeft,0.2762179,-0.00316049,1.169305
05,04,318,HandLeft,0.3203061,-0.04690017,1.134212
05,04,318,ShoulderRight,0.3698942,0.4911056,1.529131
05,04,318,ElbowRight,0.4351965,0.2369174,1.644767
05,04,318,WristRight,0.4252864,-0.05275854,1.618919
05,04,318,HandRight,0.421023,-0.3332867,1.629587
05,04,318,HipLeft,0.2558027,-0.03570887,1.507456
05,04,318,KneeLeft,0.2379425,-0.3997007,1.617094
05,04,318,AnkleLeft,0.2485845,-0.7248278,1.708004
05,04,318,FootLeft,0.3121288,-0.7916985,1.673646
05,04,318,HipRight,0.3574499,-0.03198074,1.588998
05,04,318,KneeRight,0.3950939,-0.4136272,1.697917
05,04,318,AnkleRight,0.3725504,-0.7144659,1.794648
05,04,318,FootRight,0.4301637,-0.7836251,1.75169
05,04,318,SpineShoulder,0.2711266,0.5003216,1.427163
05,04,318,HandTipLeft,0.3662077,-0.09058814,1.115615
05,04,318,ThumbLeft,0.3393968,-0.02383383,1.106378
05,04,318,HandTipRight,0.424145,-0.4182918,1.647908
05,04,318,ThumbRight,0.3716322,-0.3173292,1.602211
05,04,418,SpineBase,0.3275666,-0.03725485,1.573516
05,04,418,SpineMid,0.3064142,0.2755207,1.490526
05,04,418,Neck,0.2827408,0.5725428,1.393431
05,04,418,Head,0.39134,0.6566164,1.403379
05,04,418,ShoulderLeft,0.1984324,0.4133888,1.338968
05,04,418,ElbowLeft,0.1539768,0.1912991,1.29146
05,04,418,WristLeft,0.277494,-0.002154265,1.176859
05,04,418,HandLeft,0.3200633,-0.05597182,1.153545
05,04,418,ShoulderRight,0.3886397,0.4917982,1.522885
05,04,418,ElbowRight,0.4538082,0.2372418,1.638733
05,04,418,WristRight,0.4432831,-0.05280363,1.612503
05,04,418,HandRight,0.4324685,-0.3286091,1.626635
05,04,418,HipLeft,0.2682646,-0.03709313,1.499513
05,04,418,KneeLeft,0.2563781,-0.3989629,1.613407
05,04,418,AnkleLeft,0.2519405,-0.7284659,1.709115
05,04,418,FootLeft,0.3187396,-0.7880771,1.678719
05,04,418,HipRight,0.3722163,-0.03565539,1.577124
05,04,418,KneeRight,0.3935211,-0.3898333,1.671143
05,04,418,AnkleRight,0.3732787,-0.7139309,1.792385
05,04,418,FootRight,0.4234003,-0.7804099,1.750268
05,04,418,SpineShoulder,0.2890179,0.5005493,1.419878
05,04,418,HandTipLeft,0.3686683,-0.1020714,1.137868
05,04,418,ThumbLeft,0.3430015,-0.03022315,1.135478
05,04,418,HandTipRight,0.4370237,-0.4121788,1.643151
05,04,418,ThumbRight,0.3893125,-0.3147215,1.594966
05,04,515,SpineBase,0.3455083,-0.04496513,1.548552
05,04,515,SpineMid,0.3219275,0.2723486,1.478471
05,04,515,Neck,0.2972116,0.5722543,1.390333
05,04,515,Head,0.4014695,0.6571282,1.402516
05,04,515,ShoulderLeft,0.2092591,0.4119345,1.336068
05,04,516,ElbowLeft,0.1617702,0.1771497,1.307705
05,04,516,WristLeft,0.2427909,-0.03794773,1.257092
05,04,516,HandLeft,0.2712303,-0.1011426,1.237398
05,04,516,ShoulderRight,0.4030168,0.4914949,1.519778
05,04,516,ElbowRight,0.4681492,0.2364324,1.6359
05,04,516,WristRight,0.4574251,-0.05416789,1.60934
05,04,516,HandRight,0.442212,-0.3244041,1.62545
05,04,516,HipLeft,0.2839385,-0.04359602,1.48128
05,04,516,KneeLeft,0.2657971,-0.3960591,1.606006
05,04,516,AnkleLeft,0.2535107,-0.7294104,1.709047
05,04,516,FootLeft,0.3209141,-0.788079,1.679793
05,04,516,HipRight,0.3912893,-0.04433718,1.544914
05,04,516,KneeRight,0.3991131,-0.3850367,1.667212
05,04,516,AnkleRight,0.3743005,-0.7133263,1.789548
05,04,516,FootRight,0.4213624,-0.7795501,1.749795
05,04,516,SpineShoulder,0.3035022,0.4996542,1.414745
05,04,516,HandTipLeft,0.307536,-0.1597353,1.240369
05,04,516,ThumbLeft,0.295855,-0.09411619,1.207406
05,04,516,HandTipRight,0.4480356,-0.4095375,1.643402
05,04,516,ThumbRight,0.4025808,-0.3173706,1.593054
05,04,621,SpineBase,0.3541333,-0.05106623,1.530428
05,04,621,SpineMid,0.3334541,0.2695303,1.468596
05,04,621,Neck,0.3114152,0.5723832,1.388902
05,04,621,Head,0.4167053,0.6564282,1.403697
05,04,621,ShoulderLeft,0.2216805,0.4117396,1.334435
05,04,621,ElbowLeft,0.155388,0.1628934,1.332391
05,04,621,WristLeft,0.1763927,-0.05468796,1.326672
05,04,621,HandLeft,0.1837126,-0.1167358,1.331491
05,04,621,ShoulderRight,0.4171274,0.4916147,1.518338
05,04,621,ElbowRight,0.4823014,0.2357959,1.634868
05,04,621,WristRight,0.5534277,-0.03654977,1.696265
05,04,621,HandRight,0.5634041,-0.07379365,1.715191
05,04,621,HipLeft,0.2936209,-0.05069287,1.467371
05,04,621,KneeLeft,0.2705861,-0.396154,1.603561
05,04,622,AnkleLeft,0.2563301,-0.7323785,1.709219
05,04,622,FootLeft,0.3210669,-0.7878459,1.680157
05,04,622,HipRight,0.398082,-0.04892566,1.522781
05,04,622,KneeRight,0.4105264,-0.3801638,1.664817
05,04,622,AnkleRight,0.3749842,-0.7131661,1.787622
05,04,622,FootRight,0.4191607,-0.7780198,1.749616
05,04,622,SpineShoulder,0.3168511,0.4990611,1.411138
05,04,622,HandTipLeft,0.1947857,-0.1859524,1.359963
05,04,622,ThumbLeft,0.2172253,-0.08781209,1.346714
05,04,622,HandTipRight,0.5581071,-0.09694892,1.704453
05,04,622,ThumbRight,0.5646116,-0.08963516,1.6718
05,04,684,SpineBase,0.3605248,-0.05182317,1.532346
05,04,684,SpineMid,0.3414257,0.2689037,1.468183
05,04,684,Neck,0.3203758,0.5726243,1.387891
05,04,684,Head,0.4261469,0.656831,1.403684
05,04,684,ShoulderLeft,0.2290651,0.4114549,1.334124
05,04,684,ElbowLeft,0.1400845,0.1466323,1.352788
05,04,685,WristLeft,0.1282455,-0.06949978,1.351566
05,04,685,HandLeft,0.1263536,-0.1085217,1.367043
05,04,685,ShoulderRight,0.4260279,0.4918553,1.517326
05,04,685,ElbowRight,0.4911,0.2360428,1.633879
05,04,685,WristRight,0.5702865,-0.01972624,1.692473
05,04,685,HandRight,0.5832003,-0.04403735,1.702882
05,04,685,HipLeft,0.3008955,-0.05190536,1.470114
05,04,685,KneeLeft,0.2763608,-0.398751,1.603415
05,04,685,AnkleLeft,0.2581287,-0.7328565,1.709473
05,04,685,FootLeft,0.3235491,-0.7887334,1.681464
05,04,685,HipRight,0.4036876,-0.04934115,1.524357
05,04,685,KneeRight,0.4144545,-0.3809414,1.664923
05,04,685,AnkleRight,0.3762465,-0.7139788,1.786515
05,04,685,FootRight,0.4188466,-0.7782739,1.749471
05,04,685,SpineShoulder,0.3259835,0.4990435,1.41011
05,04,686,HandTipLeft,0.1244812,-0.1802339,1.396905
05,04,686,ThumbLeft,0.1647549,-0.106845,1.362846
05,04,686,HandTipRight,0.5886337,-0.08539394,1.683957
05,04,686,ThumbRight,0.6000367,-0.04591813,1.655906
05,04,781,SpineBase,0.3727203,-0.04679871,1.541274
05,04,782,SpineMid,0.3517134,0.2701629,1.471219
05,04,782,Neck,0.3299054,0.571689,1.388177
05,04,782,Head,0.4353819,0.6565948,1.403673
05,04,782,ShoulderLeft,0.2358283,0.4122087,1.334688
05,04,782,ElbowLeft,0.1267487,0.1490104,1.362444
05,04,782,WristLeft,0.06783635,-0.05845309,1.373482
05,04,782,HandLeft,0.05873688,-0.1066172,1.38288
05,04,782,ShoulderRight,0.4354943,0.4909222,1.5176
05,04,782,ElbowRight,0.5004547,0.2351222,1.634148
05,04,782,WristRight,0.5762236,-0.004786181,1.685203
05,04,782,HandRight,0.5976456,-0.03694664,1.687393
05,04,782,HipLeft,0.3135603,-0.04799328,1.482161
05,04,782,KneeLeft,0.2826407,-0.383884,1.595251
05,04,782,AnkleLeft,0.261292,-0.736152,1.709813
05,04,782,FootLeft,0.3293251,-0.7936977,1.679601
05,04,782,HipRight,0.4152468,-0.04346962,1.530898
05,04,782,KneeRight,0.4176001,-0.3802616,1.664309
05,04,782,AnkleRight,0.3774191,-0.7149642,1.78468
05,04,782,FootRight,0.4176449,-0.779708,1.746509
05,04,782,SpineShoulder,0.3356752,0.4986087,1.410967
05,04,782,HandTipLeft,0.04651682,-0.1770607,1.413415
05,04,782,ThumbLeft,0.07382163,-0.1198339,1.342671
05,04,782,HandTipRight,0.6052991,-0.08309976,1.6688
05,04,782,ThumbRight,0.5957565,-0.0169598,1.632463
05,04,854,SpineBase,0.3856997,-0.04238105,1.557389
05,04,854,SpineMid,0.3608812,0.27206,1.47756
05,04,854,Neck,0.3353579,0.5721069,1.388953
05,04,854,Head,0.4418552,0.6560954,1.405161
05,04,854,ShoulderLeft,0.2413608,0.4128169,1.33705
05,04,854,ElbowLeft,0.1209834,0.1500992,1.367609
05,04,854,WristLeft,0.06423111,-0.05855305,1.372354
05,04,854,HandLeft,0.0400981,-0.1050383,1.375983
05,04,854,ShoulderRight,0.4387061,0.4862381,1.515787
05,04,854,ElbowRight,0.5036144,0.2304634,1.632301
05,04,854,WristRight,0.5777246,-0.008029571,1.685968
05,04,854,HandRight,0.5922629,-0.0434828,1.694159
05,04,854,HipLeft,0.323647,-0.04437216,1.497868
05,04,854,KneeLeft,0.2855348,-0.3771328,1.593552
05,04,854,AnkleLeft,0.2622864,-0.7364117,1.710097
05,04,854,FootLeft,0.3309223,-0.7942461,1.680813
05,04,854,HipRight,0.4305686,-0.03847538,1.547063
05,04,854,KneeRight,0.4203905,-0.3791707,1.664353
05,04,854,AnkleRight,0.3780869,-0.7159806,1.783911
05,04,855,FootRight,0.4166913,-0.7797193,1.746019
05,04,855,SpineShoulder,0.3419075,0.499298,1.412776
05,04,855,HandTipLeft,0.02313519,-0.1711641,1.39793
05,04,855,ThumbLeft,0.05259505,-0.1196921,1.333096
05,04,855,HandTipRight,0.5989717,-0.08878934,1.683307
05,04,855,ThumbRight,0.6067221,-0.04958953,1.642045
05,04,982,SpineBase,0.3877389,-0.04105218,1.564196
05,04,982,SpineMid,0.3668093,0.2732666,1.484364
05,04,982,Neck,0.3441921,0.5726463,1.393526
05,04,983,Head,0.4530001,0.654206,1.411536
05,04,983,ShoulderLeft,0.2472439,0.4142977,1.341394
05,04,983,ElbowLeft,0.1261277,0.1702308,1.357845
05,04,983,WristLeft,0.08328395,-0.04864557,1.354076
05,04,983,HandLeft,0.0802037,-0.1018089,1.341245
05,04,983,ShoulderRight,0.4439356,0.4832187,1.517641
05,04,983,ElbowRight,0.5087804,0.2274812,1.634127
05,04,983,WristRight,0.5653743,-0.0414615,1.688564
05,04,983,HandRight,0.5649731,-0.06602415,1.698953
05,04,983,HipLeft,0.3268407,-0.04355747,1.505107
05,04,983,KneeLeft,0.2872599,-0.3782263,1.593796
05,04,983,AnkleLeft,0.2644127,-0.735799,1.709827
05,04,983,FootLeft,0.3309197,-0.7942735,1.680809
05,04,983,HipRight,0.4314661,-0.03672533,1.553527
05,04,983,KneeRight,0.4203266,-0.37828,1.663663
05,04,983,AnkleRight,0.3785815,-0.715992,1.783492
05,04,983,FootRight,0.4175273,-0.7813811,1.744799
05,04,983,SpineShoulder,0.3501801,0.5000371,1.41807
05,04,983,HandTipLeft,0.07419889,-0.1770529,1.353907
05,04,983,ThumbLeft,0.1017015,-0.1071943,1.302484
05,04,983,HandTipRight,0.5586405,-0.1080897,1.695859
05,04,983,ThumbRight,0.569984,-0.05886925,1.681917
05,05,052,SpineBase,0.3892652,-0.04098979,1.576818
05,05,052,SpineMid,0.3715102,0.2740927,1.493854
05,05,052,Neck,0.3508998,0.5739721,1.399782
05,05,053,Head,0.4599741,0.6546048,1.416193
05,05,053,ShoulderLeft,0.2519981,0.4170039,1.347883
05,05,053,ElbowLeft,0.1355846,0.1800079,1.356362
05,05,053,WristLeft,0.1295784,-0.0414328,1.328831
05,05,053,HandLeft,0.124453,-0.1069893,1.32619
05,05,053,ShoulderRight,0.4492206,0.4820378,1.522213
05,05,053,ElbowRight,0.514236,0.2255221,1.639104
05,05,053,WristRight,0.5658038,-0.04226096,1.690489
05,05,053,HandRight,0.5869332,-0.1086624,1.709651
05,05,053,HipLeft,0.3313332,-0.04383549,1.520109
05,05,053,KneeLeft,0.2913138,-0.3931584,1.602979
05,05,053,AnkleLeft,0.2646082,-0.734231,1.709491
05,05,053,FootLeft,0.3308219,-0.7938949,1.68136
05,05,053,HipRight,0.4304964,-0.03639584,1.564141
05,05,053,KneeRight,0.425551,-0.3788378,1.665543
05,05,053,AnkleRight,0.3788096,-0.7160915,1.783221
05,05,053,FootRight,0.4178499,-0.7821528,1.744447
05,05,053,SpineShoulder,0.3564791,0.5012508,1.425123
05,05,053,HandTipLeft,0.1268298,-0.180035,1.335399
05,05,053,ThumbLeft,0.1516101,-0.1123753,1.294927
05,05,053,HandTipRight,0.5805061,-0.1504888,1.706583
05,05,053,ThumbRight,0.5917315,-0.1009674,1.692688
