32,31,278,SpineBase,-0.6054369,0.2655021,2.586471
32,31,278,SpineMid,-0.6062421,0.5559646,2.512606
32,31,278,Neck,-0.6040341,0.8366622,2.428118
32,31,278,Head,-0.5425897,0.9543061,2.424976
32,31,278,ShoulderLeft,-0.6918635,0.6918635,2.354728
32,31,278,ElbowLeft,-0.7821923,0.4683253,2.366379
32,31,279,WristLeft,-0.7800686,0.2314828,2.385049
32,31,279,HandLeft,-0.7792804,0.1639303,2.397877
32,31,279,ShoulderRight,-0.5225685,0.7510055,2.599902
32,31,279,ElbowRight,-0.5106215,0.6223354,2.730565
32,31,279,WristRight,-0.4991539,0.3752759,2.680331
32,31,279,HandRight,-0.4976228,0.3299645,2.595414
32,31,279,HipLeft,-0.6360105,0.248322,2.511624
32,31,279,KneeLeft,-0.5842642,-0.1450716,2.494186
32,31,279,AnkleLeft,-0.5852834,-0.4988556,2.600237
32,31,279,FootLeft,-0.550293,-0.5600586,2.535156
32,31,279,HipRight,-0.558754,0.275593,2.592332
32,31,279,KneeRight,-0.5371384,0.001965363,2.766114
32,31,279,AnkleRight,-0.5833296,-0.4739412,2.590638
32,31,279,FootRight,-0.5078264,-0.5166351,2.524558
32,31,279,SpineShoulder,-0.6051236,0.7679463,2.45121
32,31,279,HandTipLeft,-0.7815987,0.09535363,2.41695
32,31,279,ThumbLeft,-0.7450108,0.1822744,2.405166
32,31,279,HandTipRight,-0.4932158,0.2958365,2.628718
32,31,279,ThumbRight,-0.4955838,0.3527863,2.53225
32,31,326,SpineBase,-0.58077,0.2610394,2.569013
32,31,326,SpineMid,-0.5846728,0.5495693,2.495382
32,31,326,Neck,-0.5852417,0.8284191,2.410997
32,31,327,Head,-0.5198386,0.9422233,2.403457
32,31,327,ShoulderLeft,-0.6696908,0.6804354,2.334417
32,31,327,ElbowLeft,-0.7682023,0.454296,2.360552
32,31,327,WristLeft,-0.7828845,0.2234145,2.384977
32,31,327,HandLeft,-0.7940624,0.1602263,2.397598
32,31,327,ShoulderRight,-0.4985845,0.7376046,2.564928
32,31,327,ElbowRight,-0.4874513,0.613858,2.686441
32,31,327,WristRight,-0.4729109,0.365559,2.690364
32,31,327,HandRight,-0.4679146,0.3265244,2.56838
32,31,327,HipLeft,-0.6119673,0.2434398,2.49243
32,31,327,KneeLeft,-0.560755,-0.1499412,2.47811
32,31,327,AnkleLeft,-0.4984995,-0.5458141,2.509581
32,31,327,FootLeft,-0.4429553,-0.5930057,2.444896
32,31,327,HipRight,-0.5339859,0.2716062,2.576611
32,31,327,KneeRight,-0.4812571,0.06224266,2.735202
32,31,327,AnkleRight,-0.485829,-0.4655335,2.585794
32,31,327,FootRight,-0.4101076,-0.5108029,2.51577
32,31,327,SpineShoulder,-0.5856592,0.7601594,2.434075
32,31,327,HandTipLeft,-0.799735,0.09402697,2.415422
32,31,327,ThumbLeft,-0.7607828,0.1556493,2.395632
32,31,327,HandTipRight,-0.4658011,0.3180802,2.556672
32,31,327,ThumbRight,-0.4638374,0.3236792,2.546
32,31,396,SpineBase,-0.5358057,0.2549749,2.523125
32,31,396,SpineMid,-0.5455451,0.5370546,2.452355
32,31,396,Neck,-0.5523164,0.8094981,2.371065
32,31,396,Head,-0.4871202,0.923528,2.357749
32,31,396,ShoulderLeft,-0.6367894,0.6597278,2.295833
32,31,396,ElbowLeft,-0.7352969,0.4292613,2.32841
32,31,396,WristLeft,-0.7802747,0.2110353,2.371915
32,31,396,HandLeft,-0.7945039,0.1451403,2.384368
32,31,396,ShoulderRight,-0.4732732,0.730449,2.51151
32,31,396,ElbowRight,-0.4660239,0.6194635,2.663943
32,31,396,WristRight,-0.4647464,0.6377039,2.85589
32,31,396,HandRight,-0.4669092,0.6376708,2.878478
32,31,396,HipLeft,-0.5683099,0.2341495,2.454429
32,31,396,KneeLeft,-0.5215125,-0.1590499,2.455251
32,31,396,AnkleLeft,-0.4476532,-0.5267608,2.454735
32,31,396,FootLeft,-0.3901367,-0.5917969,2.386719
32,31,396,HipRight,-0.4887911,0.2688689,2.52333
32,31,396,KneeRight,-0.4699051,0.0752672,2.701686
32,31,396,AnkleRight,-0.4519351,-0.4111016,2.545862
32,31,396,FootRight,-0.3776166,-0.4560278,2.475797
32,31,396,SpineShoulder,-0.5511444,0.7428236,2.393341
32,31,396,HandTipLeft,-0.8083922,0.0821279,2.408856
32,31,396,ThumbLeft,-0.7619845,0.1387324,2.382773
32,31,397,HandTipRight,-0.473206,0.6731307,2.905877
32,31,397,ThumbRight,-0.4709954,0.6410491,2.868
32,31,497,SpineBase,-0.4965805,0.2175905,2.463162
32,31,497,SpineMid,-0.50863,0.5073295,2.391284
32,31,497,Neck,-0.5177206,0.7870752,2.308754
32,31,497,Head,-0.4569924,0.9025027,2.297465
32,31,497,ShoulderLeft,-0.6007731,0.6342048,2.239427
32,31,497,ElbowLeft,-0.6924859,0.4009781,2.274603
32,31,497,WristLeft,-0.7339278,0.1840981,2.308743
32,31,497,HandLeft,-0.7524995,0.1175533,2.331431
32,31,497,ShoulderRight,-0.433955,0.7074812,2.445294
32,31,497,ElbowRight,-0.413098,0.5933185,2.665978
32,31,497,WristRight,-0.419488,0.6111485,2.863836
32,31,497,HandRight,-0.4222015,0.6179278,2.933517
32,31,497,HipLeft,-0.5301253,0.1966003,2.395274
32,31,498,KneeLeft,-0.4816691,-0.1844191,2.405296
32,31,498,AnkleLeft,-0.4378467,-0.563813,2.456007
32,31,498,FootLeft,-0.3795396,-0.6020104,2.378102
32,31,498,HipRight,-0.4491937,0.2324887,2.462215
32,31,498,KneeRight,-0.3943354,0.07737723,2.65436
32,31,498,AnkleRight,-0.6110652,-0.3620616,2.823941
32,31,498,FootRight,-0.5573837,-0.4090946,2.702495
32,31,498,SpineShoulder,-0.5159602,0.7186207,2.331345
32,31,498,HandTipLeft,-0.7665783,0.05681257,2.359452
32,31,498,ThumbLeft,-0.719795,0.1110071,2.32412
32,31,498,HandTipRight,-0.4286667,0.6534787,2.960855
32,31,498,ThumbRight,-0.4266678,0.6215144,2.922896
32,31,594,SpineBase,-0.4484865,0.1975369,2.409732
32,31,595,SpineMid,-0.4694679,0.4963682,2.336478
32,31,595,Neck,-0.4873496,0.7846605,2.25246
32,31,595,Head,-0.4336629,0.9023357,2.232457
32,31,595,ShoulderLeft,-0.5722535,0.634672,2.181154
32,31,595,ElbowLeft,-0.638374,0.3910536,2.210519
32,31,595,WristLeft,-0.6534109,0.172106,2.227022
32,31,595,HandLeft,-0.6637983,0.09756042,2.244829
32,31,595,ShoulderRight,-0.3804176,0.6735834,2.391196
32,31,595,ElbowRight,-0.358927,0.5659727,2.534997
32,31,595,WristRight,-0.3630297,0.5749406,2.766409
32,31,595,HandRight,-0.3864545,0.5672189,2.790268
32,31,595,HipLeft,-0.4860104,0.1855904,2.345354
32,31,595,KneeLeft,-0.4622182,-0.1498413,2.359627
32,31,595,AnkleLeft,-0.4380825,-0.5339782,2.447159
32,31,595,FootLeft,-0.3882276,-0.5956385,2.389627
32,31,595,HipRight,-0.3980463,0.2037758,2.404536
32,31,595,KneeRight,-0.3974417,-0.0481578,2.565102
32,31,595,AnkleRight,-0.6623297,-0.4288421,2.795861
32,31,595,FootRight,-0.5915343,-0.4650163,2.675166
32,31,595,SpineShoulder,-0.4834026,0.7141414,2.275427
32,31,595,HandTipLeft,-0.6725374,0.03423176,2.263741
32,31,595,ThumbLeft,-0.6302895,0.09495378,2.230419
32,31,596,HandTipRight,-0.3776985,0.565482,2.781609
32,31,596,ThumbRight,-0.3833704,0.5626922,2.768
32,31,696,SpineBase,-0.39496,0.1897017,2.368731
32,31,696,SpineMid,-0.4270862,0.4868312,2.288816
32,31,696,Neck,-0.4559284,0.7732265,2.198065
32,31,697,Head,-0.4028986,0.8951027,2.179158
32,31,697,ShoulderLeft,-0.5341993,0.6226495,2.126803
32,31,697,ElbowLeft,-0.5857443,0.3942987,2.128717
32,31,697,WristLeft,-0.5472152,0.1514834,2.133596
32,31,697,HandLeft,-0.5283167,0.08048487,2.150421
32,31,697,ShoulderRight,-0.3451885,0.6818969,2.346483
32,31,697,ElbowRight,-0.3125948,0.540544,2.483928
32,31,697,WristRight,-0.3153366,0.5410725,2.728319
32,31,697,HandRight,-0.3167364,0.5420901,2.813572
32,31,697,HipLeft,-0.4311484,0.1735361,2.300202
32,31,697,KneeLeft,-0.4587215,-0.1590138,2.349443
32,31,697,AnkleLeft,-0.437821,-0.5336469,2.444572
32,31,697,FootLeft,-0.387482,-0.5981013,2.391007
32,31,697,HipRight,-0.3471148,0.2002396,2.367105
32,31,697,KneeRight,-0.3397096,-0.1073094,2.508778
32,31,697,AnkleRight,-0.6476611,-0.4221779,2.782153
32,31,697,FootRight,-0.5767305,-0.4632242,2.66117
32,31,697,SpineShoulder,-0.4492597,0.703214,2.222719
32,31,697,HandTipLeft,-0.5298312,0.008748672,2.164022
32,31,697,ThumbLeft,-0.4845797,0.0840639,2.177348
32,31,697,HandTipRight,-0.3082199,0.5404371,2.804816
32,31,697,ThumbRight,-0.3142045,0.5377569,2.791082
32,31,760,SpineBase,-0.3654999,0.1810344,2.357142
32,31,760,SpineMid,-0.4041899,0.4810385,2.271586
32,31,760,Neck,-0.4377301,0.7696413,2.173954
32,31,760,Head,-0.3802451,0.8903542,2.149007
32,31,760,ShoulderLeft,-0.5106599,0.6178802,2.100827
32,31,760,ElbowLeft,-0.5483085,0.3979578,2.082084
32,31,760,WristLeft,-0.4779677,0.1510939,2.073277
32,31,760,HandLeft,-0.4544194,0.08095108,2.080744
32,31,760,ShoulderRight,-0.324713,0.6706776,2.328932
32,31,760,ElbowRight,-0.2803107,0.5353786,2.440538
32,31,760,WristRight,-0.2588438,0.2933622,2.509584
32,31,760,HandRight,-0.2350339,0.1811973,2.547917
32,31,760,HipLeft,-0.4000108,0.166256,2.283571
32,31,760,KneeLeft,-0.4499461,-0.1651814,2.342049
32,31,760,AnkleLeft,-0.4385348,-0.538699,2.443573
32,31,760,FootLeft,-0.3837026,-0.6025569,2.390309
32,31,760,HipRight,-0.3195858,0.1903992,2.359474
32,31,760,KneeRight,-0.3069955,-0.1342172,2.475867
32,31,760,AnkleRight,-0.5498883,-0.2690555,2.907493
32,31,760,FootRight,-0.5134336,-0.33257,2.778316
32,31,760,SpineShoulder,-0.4300004,0.6991258,2.200515
32,31,760,HandTipLeft,-0.4411675,0.01175633,2.095166
32,31,760,ThumbLeft,-0.4254138,0.1050841,2.1404
32,31,760,HandTipRight,-0.2205527,0.1263292,2.563425
32,31,760,ThumbRight,-0.2486569,0.1712452,2.5432
32,31,828,SpineBase,-0.3473499,0.1857293,2.337237
32,31,828,SpineMid,-0.3804464,0.4813291,2.245615
32,31,828,Neck,-0.4101766,0.7648787,2.142971
32,31,828,Head,-0.3519385,0.8822259,2.115777
32,31,828,ShoulderLeft,-0.4827276,0.6131644,2.069633
32,31,828,ElbowLeft,-0.5113009,0.3948931,2.041232
32,31,828,WristLeft,-0.4215813,0.1580616,2.026658
32,31,828,HandLeft,-0.3899743,0.08221344,2.008695
32,31,829,ShoulderRight,-0.296576,0.670912,2.291707
32,31,829,ElbowRight,-0.2619228,0.5402189,2.406728
32,31,829,WristRight,-0.2255534,0.301888,2.470348
32,31,829,HandRight,-0.1971189,0.1925531,2.515156
32,31,829,HipLeft,-0.3829381,0.1700315,2.261748
32,31,829,KneeLeft,-0.4454343,-0.1721695,2.333921
32,31,829,AnkleLeft,-0.438049,-0.5334138,2.441243
32,31,829,FootLeft,-0.3864651,-0.5987819,2.3938
32,31,829,HipRight,-0.3014407,0.1956862,2.341889
32,31,829,KneeRight,-0.2672808,-0.1589002,2.440866
32,31,829,AnkleRight,-0.386722,-0.4847678,2.582363
32,31,829,FootRight,-0.3400042,-0.5513562,2.570487
32,31,829,SpineShoulder,-0.4032206,0.6956873,2.170575
32,31,829,HandTipLeft,-0.3663952,0.02518406,2.03423
32,31,829,ThumbLeft,-0.3750861,0.09437698,2.0275
32,31,829,HandTipRight,-0.1799039,0.1339677,2.536511
32,31,829,ThumbRight,-0.2180773,0.1737254,2.523
32,31,893,SpineBase,-0.3351532,0.1869049,2.313589
32,31,893,SpineMid,-0.360579,0.4800771,2.218337
32,31,893,Neck,-0.381259,0.7615086,2.111408
32,31,893,Head,-0.3204521,0.877542,2.082702
32,31,893,ShoulderLeft,-0.4589273,0.6109692,2.046865
32,31,893,ElbowLeft,-0.4876674,0.3993269,2.01611
32,31,893,WristLeft,-0.3788581,0.1749,1.988681
32,31,893,HandLeft,-0.3360275,0.09646231,1.965754
32,31,893,ShoulderRight,-0.275452,0.6673157,2.273176
32,31,893,ElbowRight,-0.23812,0.5347813,2.382114
32,31,893,WristRight,-0.208011,0.3012941,2.451743
32,31,894,HandRight,-0.17297,0.185631,2.48069
32,31,894,HipLeft,-0.3716203,0.1712803,2.239189
32,31,894,KneeLeft,-0.4334022,-0.1689217,2.321921
32,31,894,AnkleLeft,-0.4353017,-0.5249056,2.436988
32,31,894,FootLeft,-0.3923591,-0.5942894,2.399091
32,31,894,HipRight,-0.2884262,0.1967544,2.316886
32,31,894,KneeRight,-0.2238293,-0.1521242,2.39216
32,31,894,AnkleRight,-0.2957796,-0.5046817,2.506825
32,31,894,FootRight,-0.2432861,-0.5693359,2.509766
32,31,894,SpineShoulder,-0.3767723,0.6928505,2.140218
32,31,894,HandTipLeft,-0.3056615,0.04082626,1.972206
32,31,894,ThumbLeft,-0.3572662,0.06144214,1.964933
32,31,894,HandTipRight,-0.1593994,0.1311766,2.495613
32,31,894,ThumbRight,-0.1838148,0.1529242,2.488583
32,31,992,SpineBase,-0.2885781,0.1751308,2.275975
32,31,992,SpineMid,-0.3111848,0.4646261,2.179487
32,31,992,Neck,-0.3311853,0.7430987,2.071851
32,31,992,Head,-0.2647141,0.8592611,2.04219
32,31,992,ShoulderLeft,-0.4130056,0.5972311,2.008459
32,31,992,ElbowLeft,-0.4423282,0.3886825,1.978928
32,31,992,WristLeft,-0.3271172,0.1712992,1.948274
32,31,992,HandLeft,-0.2774838,0.09421737,1.924454
32,31,992,ShoulderRight,-0.2186662,0.6598699,2.231869
32,31,992,ElbowRight,-0.1866646,0.5251328,2.336542
32,31,992,WristRight,-0.1719259,0.2947427,2.409451
32,31,992,HandRight,-0.150036,0.1821066,2.443928
32,31,993,HipLeft,-0.3271149,0.1613402,2.20492
32,31,993,KneeLeft,-0.4064049,-0.1589913,2.288375
32,31,993,AnkleLeft,-0.4301371,-0.5270388,2.438002
32,31,993,FootLeft,-0.3916595,-0.5974311,2.398744
32,31,993,HipRight,-0.2410692,0.1834365,2.275867
32,31,993,KneeRight,-0.178735,-0.1553188,2.331651
32,31,993,AnkleRight,-0.1419177,-0.531015,2.395512
32,31,993,FootRight,-0.06378174,-0.6064453,2.355469
32,31,993,SpineShoulder,-0.3266146,0.6751325,2.10076
32,31,993,HandTipLeft,-0.2431054,0.04218035,1.928884
32,31,993,ThumbLeft,-0.2975265,0.0595929,1.924211
32,31,993,HandTipRight,-0.1432836,0.1619045,2.435101
32,31,993,ThumbRight,-0.1523308,0.2008902,2.4385
32,32,094,SpineBase,-0.236112,0.1472251,2.229307
32,32,094,SpineMid,-0.2569008,0.4412299,2.140249
32,32,094,Neck,-0.2754282,0.7239397,2.039875
32,32,094,Head,-0.2120862,0.840373,2.008358
32,32,094,ShoulderLeft,-0.364374,0.5769881,1.981393
32,32,094,ElbowLeft,-0.4041819,0.359466,1.96253
32,32,094,WristLeft,-0.3007887,0.1376053,1.940522
32,32,094,HandLeft,-0.2541576,0.06120566,1.919693
32,32,094,ShoulderRight,-0.1620709,0.6322888,2.181271
32,32,094,ElbowRight,-0.1303748,0.4991139,2.285677
32,32,094,WristRight,-0.1151972,0.2712468,2.360422
32,32,094,HandRight,-0.08573055,0.1894749,2.38765
32,32,094,HipLeft,-0.2807831,0.1320606,2.158602
32,32,094,KneeLeft,-0.3637878,-0.2009554,2.278408
32,32,095,AnkleLeft,-0.4270497,-0.5292953,2.438032
32,32,095,FootLeft,-0.3904813,-0.5995319,2.398366
32,32,095,HipRight,-0.1839356,0.1576614,2.228597
32,32,095,KneeRight,-0.1224166,-0.205336,2.292586
32,32,095,AnkleRight,-0.04523505,-0.5593798,2.325291
32,32,095,FootRight,0.01979065,-0.6176758,2.259766
32,32,095,SpineShoulder,-0.2711657,0.6549424,2.066983
32,32,095,HandTipLeft,-0.2236253,0.005404221,1.930068
32,32,095,ThumbLeft,-0.2602173,0.02040818,1.934222
32,32,095,HandTipRight,-0.07923265,0.1692206,2.378812
32,32,095,ThumbRight,-0.08861386,0.2081444,2.382197
32,32,159,SpineBase,-0.1839827,0.1292696,2.19844
32,32,159,SpineMid,-0.2099954,0.4249279,2.115698
32,32,159,Neck,-0.2364333,0.7100536,2.02266
32,32,160,Head,-0.174052,0.829908,1.992729
32,32,160,ShoulderLeft,-0.3367074,0.5662043,1.966543
32,32,160,ElbowLeft,-0.375025,0.3370755,1.960204
32,32,160,WristLeft,-0.2880312,0.1092865,1.942956
32,32,160,HandLeft,-0.2560372,0.03402396,1.949854
32,32,160,ShoulderRight,-0.1169356,0.6174899,2.157964
32,32,160,ElbowRight,-0.08648609,0.4732854,2.24893
32,32,160,WristRight,-0.0716273,0.2462887,2.323306
32,32,160,HandRight,-0.04177708,0.1634445,2.350875
32,32,160,HipLeft,-0.2301683,0.1129119,2.13499
32,32,160,KneeLeft,-0.3254979,-0.2434969,2.26301
32,32,160,AnkleLeft,-0.415669,-0.5347361,2.437267
32,32,160,FootLeft,-0.3869303,-0.6057252,2.397011
32,32,160,HipRight,-0.1318507,0.1414039,2.190265
32,32,160,KneeRight,-0.08001369,-0.2184798,2.263316
32,32,160,AnkleRight,-0.03234643,-0.5700018,2.309649
32,32,160,FootRight,0.02353334,-0.6266692,2.257133
32,32,160,SpineShoulder,-0.2294343,0.6402002,2.047648
32,32,160,HandTipLeft,-0.2327306,-0.03351223,1.953184
32,32,160,ThumbLeft,-0.224562,0.0622519,2.01175
32,32,160,HandTipRight,-0.03546043,0.143286,2.342019
32,32,160,ThumbRight,-0.04507959,0.1823391,2.345384
32,32,256,SpineBase,-0.1120139,0.1171674,2.150267
32,32,256,SpineMid,-0.1426232,0.4198302,2.074633
32,32,257,Neck,-0.1713549,0.7105266,1.987466
32,32,257,Head,-0.1022758,0.8292811,1.960915
32,32,257,ShoulderLeft,-0.2702166,0.5564758,1.929116
32,32,257,ElbowLeft,-0.3196322,0.317792,1.954412
32,32,257,WristLeft,-0.2943978,0.09036651,1.955922
32,32,257,HandLeft,-0.2935269,0.01639979,1.975235
32,32,257,ShoulderRight,-0.05055298,0.6127633,2.122912
32,32,257,ElbowRight,-0.01624283,0.4699261,2.219936
32,32,257,WristRight,-0.001501254,0.2427777,2.294993
32,32,257,HandRight,0.02882309,0.1586001,2.322993
32,32,257,HipLeft,-0.1576856,0.1067506,2.083717
32,32,257,KneeLeft,-0.2384749,-0.2112848,2.177206
32,32,257,AnkleLeft,-0.3808749,-0.5259937,2.399165
32,32,257,FootLeft,-0.3765113,-0.5987643,2.386867
32,32,257,HipRight,-0.06265275,0.1236581,2.14491
32,32,257,KneeRight,-0.03016999,-0.2170494,2.23607
32,32,257,AnkleRight,-0.02204184,-0.5659204,2.302505
32,32,257,FootRight,0.02228252,-0.6272923,2.253514
32,32,257,SpineShoulder,-0.1644624,0.639605,2.011283
32,32,257,HandTipLeft,-0.2944527,-0.05917978,1.988847
32,32,257,ThumbLeft,-0.2526496,0.04545029,1.980107
32,32,257,HandTipRight,0.03483629,0.1384513,2.314117
32,32,257,ThumbRight,0.0248202,0.1775208,2.31746
32,32,327,SpineBase,-0.0692182,0.1213888,2.128589
32,32,327,SpineMid,-0.1032434,0.4225166,2.053743
32,32,327,Neck,-0.1353853,0.7116554,1.967318
32,32,328,Head,-0.07032735,0.8305344,1.944275
32,32,328,ShoulderLeft,-0.2380693,0.5596697,1.909889
32,32,328,ElbowLeft,-0.3042805,0.3261153,1.950385
32,32,328,WristLeft,-0.3016248,0.09686426,1.968358
32,32,328,HandLeft,-0.3133406,0.02906433,1.997351
32,32,328,ShoulderRight,-0.01654676,0.6230839,2.075946
32,32,328,ElbowRight,0.03075508,0.4635583,2.198492
32,32,328,WristRight,0.04537255,0.2343547,2.274317
32,32,328,HandRight,0.07613403,0.1489503,2.302714
32,32,328,HipLeft,-0.1184302,0.1128395,2.061976
32,32,328,KneeLeft,-0.1681936,-0.2650172,2.142098
32,32,328,AnkleLeft,-0.3388932,-0.5123035,2.350453
32,32,328,FootLeft,-0.3410645,-0.5869141,2.341797
32,32,328,HipRight,-0.01750635,0.1257316,2.123128
32,32,328,KneeRight,-0.01985405,-0.2423651,2.224106
32,32,328,AnkleRight,-0.01564628,-0.5840299,2.299971
32,32,329,FootRight,0.02972769,-0.6410809,2.245813
32,32,329,SpineShoulder,-0.1276259,0.641131,1.990952
32,32,329,HandTipLeft,-0.3129406,-0.03530134,2.016423
32,32,329,ThumbLeft,-0.2792795,0.02188416,1.985615
32,32,329,HandTipRight,0.081939,0.128836,2.293829
32,32,329,ThumbRight,0.07165062,0.1679531,2.297162
32,32,431,SpineBase,-0.007771464,0.1240285,2.087452
32,32,431,SpineMid,-0.04229724,0.4206707,2.013966
32,32,432,Neck,-0.0754507,0.705128,1.928924
32,32,432,Head,-0.005271231,0.8297273,1.904994
32,32,432,ShoulderLeft,-0.1843878,0.5574282,1.878498
32,32,432,ElbowLeft,-0.2700636,0.3349885,1.939812
32,32,432,WristLeft,-0.3036489,0.1008062,1.973828
32,32,432,HandLeft,-0.3157593,0.03423999,2.005625
32,32,432,ShoulderRight,0.05377643,0.6046485,2.068218
32,32,432,ElbowRight,0.09569508,0.4445511,2.171156
32,32,432,WristRight,0.1100463,0.2138751,2.247546
32,32,432,HandRight,0.1416269,0.05420554,2.289258
32,32,432,HipLeft,-0.0594545,0.1167703,2.02129
32,32,432,KneeLeft,-0.08632333,-0.2383573,2.035781
32,32,432,AnkleLeft,-0.2290185,-0.559162,2.268374
32,32,432,FootLeft,-0.2268237,-0.6319771,2.230414
32,32,432,HipRight,0.04411242,0.1270011,2.081557
32,32,432,KneeRight,0.02343542,-0.1753756,2.118986
32,32,432,AnkleRight,-0.0145499,-0.56673,2.293339
32,32,432,FootRight,0.02288445,-0.6298538,2.248877
32,32,432,SpineShoulder,-0.06736206,0.6357961,1.952209
32,32,432,HandTipLeft,-0.320918,-0.03523926,2.037174
32,32,432,ThumbLeft,-0.2818226,0.02417438,1.986188
32,32,432,HandTipRight,0.144672,0.05417886,2.288164
32,32,432,ThumbRight,0.1364733,0.07416169,2.2837
32,32,528,SpineBase,0.03179499,0.1212597,2.045626
32,32,528,SpineMid,0.0009504305,0.4160406,1.973977
32,32,529,Neck,-0.02891457,0.6984755,1.890762
32,32,529,Head,0.04572506,0.8154579,1.863313
32,32,529,ShoulderLeft,-0.1436978,0.5522013,1.843349
32,32,529,ElbowLeft,-0.2297181,0.3277668,1.911286
32,32,529,WristLeft,-0.2806798,0.1055741,1.958862
32,32,529,HandLeft,-0.2848737,0.02729252,1.976584
32,32,529,ShoulderRight,0.1060255,0.5978487,2.03589
32,32,529,ElbowRight,0.1480578,0.3743354,2.133196
32,32,529,WristRight,0.2124022,0.1430248,2.193578
32,32,529,HandRight,0.2417597,0.09155861,2.204019
32,32,529,HipLeft,-0.02192296,0.1106292,1.975919
32,32,529,KneeLeft,-0.008087088,-0.2727888,1.96828
32,32,529,AnkleLeft,-0.07255445,-0.6231001,2.141162
32,32,529,FootLeft,-0.05654907,-0.6953125,2.068359
32,32,529,HipRight,0.0843114,0.127612,2.043334
32,32,529,KneeRight,0.04639209,-0.1674648,2.064597
32,32,529,AnkleRight,0.03083028,-0.5947009,2.271283
32,32,529,FootRight,0.004814148,-0.6665039,2.173828
32,32,529,SpineShoulder,-0.02158427,0.6296697,1.913586
32,32,529,HandTipLeft,-0.2952107,-0.03716928,2.004405
32,32,529,ThumbLeft,-0.2526493,0.01977815,1.952044
32,32,530,HandTipRight,0.2551199,0.03141226,2.21363
32,32,530,ThumbRight,0.2238455,0.09327061,2.225437
32,32,594,SpineBase,0.04517999,0.114321,2.024542
32,32,595,SpineMid,0.01834291,0.4099108,1.95182
32,32,595,Neck,-0.007172429,0.6930801,1.867259
32,32,595,Head,0.06554975,0.8109469,1.839998
32,32,595,ShoulderLeft,-0.1178244,0.5452271,1.819539
32,32,595,ElbowLeft,-0.2041196,0.317152,1.883324
32,32,595,WristLeft,-0.2321589,0.09766982,1.921519
32,32,595,HandLeft,-0.2434752,0.02016837,1.941057
32,32,595,ShoulderRight,0.1312342,0.5880529,2.014026
32,32,595,ElbowRight,0.188401,0.3637422,2.108274
32,32,595,WristRight,0.2640801,0.1700478,2.134359
32,32,595,HandRight,0.3078709,0.1001093,2.150073
32,32,596,HipLeft,-0.00997064,0.1037739,1.956385
32,32,596,KneeLeft,0.03176821,-0.2906666,1.929106
32,32,596,AnkleLeft,0.0292278,-0.661752,2.033411
32,32,596,FootLeft,0.06158447,-0.7304688,1.958008
32,32,596,HipRight,0.09870091,0.1208107,2.020669
32,32,596,KneeRight,0.06016685,-0.1745433,2.03534
32,32,596,AnkleRight,0.04943404,-0.6372265,2.171513
32,32,596,FootRight,0.04114996,-0.7013505,2.054495
32,32,596,SpineShoulder,-0.0009489264,0.6241024,1.890437
32,32,596,HandTipLeft,-0.2525493,-0.04983589,1.97343
32,32,596,ThumbLeft,-0.2089866,0.01561791,1.915767
32,32,596,HandTipRight,0.3349276,0.03530793,2.158286
32,32,596,ThumbRight,0.28133,0.09005387,2.151625
32,32,694,SpineBase,0.04762751,0.08252364,1.956847
32,32,694,SpineMid,0.04249852,0.3809898,1.890597
32,32,694,Neck,0.03722755,0.6666344,1.812601
32,32,694,Head,0.1084876,0.7853299,1.782393
32,32,694,ShoulderLeft,-0.07018529,0.5187554,1.764371
32,32,694,ElbowLeft,-0.1501907,0.2827118,1.8217
32,32,694,WristLeft,-0.1614418,0.06520716,1.853243
32,32,694,HandLeft,-0.165309,-0.005108326,1.868432
32,32,694,ShoulderRight,0.1827835,0.5622565,1.969401
32,32,694,ElbowRight,0.2351637,0.3318375,2.05918
32,32,694,WristRight,0.318052,0.1634615,2.068415
32,32,694,HandRight,0.3680146,0.09145809,2.073768
32,32,694,HipLeft,-0.007364826,0.08049485,1.885989
32,32,694,KneeLeft,0.07977978,-0.3289846,1.875593
32,32,694,AnkleLeft,0.123563,-0.6831025,1.89703
32,32,694,FootLeft,0.1937256,-0.7426758,1.821289
32,32,694,HipRight,0.1007734,0.08151879,1.95573
32,32,694,KneeRight,0.02237125,-0.2590998,2.141136
32,32,695,AnkleRight,-0.003383267,-0.6045676,2.219728
32,32,695,FootRight,0.05464263,-0.6530721,2.131171
32,32,695,SpineShoulder,0.03857382,0.5970806,1.834122
32,32,695,HandTipLeft,-0.1718071,-0.08022981,1.893771
32,32,695,ThumbLeft,-0.1264617,-0.009194276,1.85031
32,32,695,HandTipRight,0.3965479,0.02449007,2.076269
32,32,695,ThumbRight,0.3472657,0.07720972,2.084556
32,32,757,SpineBase,0.08076195,0.06070487,1.916486
32,32,757,SpineMid,0.06992196,0.3616095,1.850963
32,32,757,Neck,0.05784495,0.6503097,1.775477
32,32,757,Head,0.1279074,0.7654638,1.743447
32,32,757,ShoulderLeft,-0.04370098,0.4974995,1.725403
32,32,757,ElbowLeft,-0.1165961,0.255727,1.775896
32,32,757,WristLeft,-0.1132155,0.05163024,1.799577
32,32,757,HandLeft,-0.1078419,-0.03337934,1.811829
32,32,757,ShoulderRight,0.2025584,0.5492758,1.938498
32,32,757,ElbowRight,0.257834,0.31591,2.026491
32,32,757,WristRight,0.3386393,0.1440607,2.031435
32,32,757,HandRight,0.3875709,0.07262187,2.031813
32,32,757,HipLeft,0.02691713,0.0641484,1.84702
32,32,757,KneeLeft,0.1119363,-0.3418189,1.832049
32,32,757,AnkleLeft,0.1621713,-0.6979835,1.83852
32,32,757,FootLeft,0.2338867,-0.7578125,1.763672
32,32,757,HipRight,0.131482,0.05499261,1.914002
32,32,757,KneeRight,0.09692478,-0.3103096,1.828297
32,32,757,AnkleRight,-0.00612521,-0.5638242,2.214463
32,32,757,FootRight,0.05510744,-0.612758,2.126949
32,32,757,SpineShoulder,0.06095224,0.5799618,1.796203
32,32,757,HandTipLeft,-0.1067277,-0.1111421,1.835064
32,32,757,ThumbLeft,-0.06573575,-0.02047493,1.821111
32,32,757,HandTipRight,0.4177602,0.007344968,2.033316
32,32,757,ThumbRight,0.376305,0.04908103,2.053556
32,32,857,SpineBase,0.163779,0.03983368,1.844645
32,32,857,SpineMid,0.1269219,0.340364,1.783383
32,32,857,Neck,0.09035543,0.6275069,1.710006
32,32,857,Head,0.1570138,0.7446792,1.680009
32,32,857,ShoulderLeft,-0.006138118,0.4729183,1.661006
32,32,857,ElbowLeft,-0.06206805,0.2427883,1.688052
32,32,857,WristLeft,-0.03628286,0.05126499,1.690245
32,32,857,HandLeft,-0.01614226,-0.04254953,1.708359
32,32,858,ShoulderRight,0.2142161,0.5486541,1.839221
32,32,858,ElbowRight,0.2788415,0.3234042,1.94463
32,32,858,WristRight,0.3487312,0.08534591,1.993597
32,32,858,HandRight,0.3836248,0.03936149,1.988083
32,32,858,HipLeft,0.1096605,0.03909836,1.773354
32,32,858,KneeLeft,0.1488561,-0.3733932,1.770235
32,32,858,AnkleLeft,0.1923073,-0.7287171,1.810663
32,32,858,FootLeft,0.2382503,-0.7879611,1.750978
32,32,858,HipRight,0.2114237,0.03902179,1.844205
32,32,858,KneeRight,0.1393533,-0.3411149,1.767482
32,32,858,AnkleRight,0.01978514,-0.5592055,2.17322
32,32,858,FootRight,0.04513214,-0.6344219,2.211765
32,32,858,SpineShoulder,0.09948149,0.5576509,1.730386
32,32,858,HandTipLeft,-0.009927297,-0.1246416,1.707581
32,32,858,ThumbLeft,0.02310974,-0.01381579,1.70229
32,32,858,HandTipRight,0.4121951,-0.02753746,1.993802
32,32,858,ThumbRight,0.3746194,0.01650824,2.01325
32,32,927,SpineBase,0.1992705,0.04047593,1.796695
32,32,928,SpineMid,0.1548913,0.3408295,1.738811
32,32,928,Neck,0.1090293,0.6274402,1.672464
32,32,928,Head,0.178186,0.7407922,1.642966
32,32,928,ShoulderLeft,0.01672832,0.4725515,1.614992
32,32,928,ElbowLeft,-0.02686307,0.2402241,1.630431
32,32,928,WristLeft,0.01325995,0.03223259,1.616027
32,32,928,HandLeft,0.03938679,-0.05388863,1.626934
32,32,928,ShoulderRight,0.2426563,0.5311567,1.814481
32,32,928,ElbowRight,0.3071584,0.3861049,1.90979
32,32,928,WristRight,0.3325803,0.1313298,1.945309
32,32,928,HandRight,0.3621452,0.01938545,1.970923
32,32,928,HipLeft,0.144024,0.03809874,1.728834
32,32,928,KneeLeft,0.1599932,-0.3352835,1.729331
32,32,928,AnkleLeft,0.1927674,-0.722017,1.810146
32,32,928,FootLeft,0.2382585,-0.7878631,1.750873
32,32,928,HipRight,0.2464758,0.04123909,1.792993
32,32,928,KneeRight,0.1594603,-0.3760684,1.740109
32,32,928,AnkleRight,0.03498085,-0.5620173,2.163964
32,32,928,FootRight,0.04838612,-0.6333836,2.208428
32,32,928,SpineShoulder,0.1205094,0.5577495,1.690835
32,32,928,HandTipLeft,0.05013431,-0.1392763,1.63099
32,32,928,ThumbLeft,0.08616547,-0.04428255,1.610278
32,32,928,HandTipRight,0.377215,-0.04179543,1.990841
32,32,928,ThumbRight,0.3457439,-0.003089888,1.993
32,33,032,SpineBase,0.2253091,0.0351908,1.734297
32,33,032,SpineMid,0.1866722,0.339329,1.679125
32,33,032,Neck,0.1479168,0.6290571,1.611801
32,33,032,Head,0.2068728,0.739194,1.592471
32,33,032,ShoulderLeft,0.05586867,0.4686533,1.544512
32,33,032,ElbowLeft,0.01098909,0.2318949,1.545466
32,33,032,WristLeft,0.0823809,0.005396754,1.512486
32,33,032,HandLeft,0.1055413,-0.0584828,1.505584
32,33,032,ShoulderRight,0.2641472,0.5378449,1.74121
32,33,032,ElbowRight,0.3171532,0.3671515,1.832772
32,33,032,WristRight,0.3436984,0.1127864,1.868766
32,33,032,HandRight,0.3822652,-0.01934337,1.903666
32,33,032,HipLeft,0.1703467,0.02854568,1.663159
32,33,032,KneeLeft,0.1592269,-0.3308106,1.712722
32,33,032,AnkleLeft,0.1920808,-0.7208819,1.808465
32,33,032,FootLeft,0.237935,-0.7866728,1.751545
32,33,032,HipRight,0.270875,0.04037333,1.734021
32,33,032,KneeRight,0.288832,-0.2517895,1.866145
32,33,032,AnkleRight,0.0654208,-0.5719471,2.159977
32,33,032,FootRight,0.1284289,-0.6184418,2.075077
32,33,032,SpineShoulder,0.1576579,0.5586785,1.630631
32,33,032,HandTipLeft,0.1368011,-0.1256487,1.51407
32,33,032,ThumbLeft,0.1322829,-0.05905184,1.470254
32,33,033,HandTipRight,0.3971684,-0.08033413,1.923605
32,33,033,ThumbRight,0.3654873,-0.04136198,1.925811
32,33,094,SpineBase,0.2311659,0.03229003,1.733608
32,33,094,SpineMid,0.1967417,0.3366884,1.670657
32,33,094,Neck,0.1650136,0.6274114,1.587883
32,33,095,Head,0.2261489,0.7344143,1.574175
32,33,095,ShoulderLeft,0.07809213,0.4680707,1.511521
32,33,095,ElbowLeft,0.02885221,0.229443,1.496628
32,33,095,WristLeft,0.1118895,0.008551421,1.456796
32,33,095,HandLeft,0.1396083,-0.05435302,1.446462
32,33,095,ShoulderRight,0.2811794,0.5361151,1.717304
32,33,095,ElbowRight,0.3339861,0.3653353,1.808915
32,33,095,WristRight,0.3603806,0.1111203,1.844895
32,33,095,HandRight,0.398968,-0.02122759,1.879828
32,33,095,HipLeft,0.1793605,0.02413188,1.662672
32,33,095,KneeLeft,0.1590376,-0.3265261,1.701077
32,33,095,AnkleLeft,0.1910781,-0.7222086,1.805518
32,33,095,FootLeft,0.2353966,-0.7853642,1.752115
32,33,095,HipRight,0.2741008,0.03874451,1.73328
32,33,095,KneeRight,0.3131153,-0.2659269,1.833651
32,33,095,AnkleRight,0.08138908,-0.588582,2.09825
32,33,095,FootRight,0.1456776,-0.6339167,2.016511
32,33,095,SpineShoulder,0.1728252,0.5566806,1.611377
32,33,095,HandTipLeft,0.1699629,-0.1178004,1.445906
32,33,095,ThumbLeft,0.136955,-0.07102612,1.396762
32,33,095,HandTipRight,0.41376,-0.08221141,1.899785
32,33,095,ThumbRight,0.3819386,-0.04322089,1.902017
32,33,191,SpineBase,0.2599791,0.01915367,1.720972
32,33,191,SpineMid,0.2346941,0.3261505,1.634162
32,33,191,Neck,0.2011276,0.6218511,1.538183
32,33,191,Head,0.2531925,0.737151,1.529753
32,33,191,ShoulderLeft,0.1174828,0.4636114,1.466165
32,33,191,ElbowLeft,0.0611073,0.2320451,1.436053
32,33,191,WristLeft,0.137309,0.007301525,1.384512
32,33,191,HandLeft,0.1590414,-0.06155294,1.361173
32,33,191,ShoulderRight,0.317146,0.5303798,1.667627
32,33,191,ElbowRight,0.3695148,0.3594337,1.759334
32,33,191,WristRight,0.3955944,0.1054255,1.795305
32,33,191,HandRight,0.4342103,-0.02726174,1.830283
32,33,191,HipLeft,0.2108829,0.009377606,1.652775
32,33,191,KneeLeft,0.1686114,-0.3448707,1.688947
32,33,191,AnkleLeft,0.1908533,-0.7223445,1.804419
32,33,191,FootLeft,0.2326615,-0.7841158,1.752075
32,33,191,HipRight,0.2985051,0.02794899,1.71815
32,33,192,KneeRight,0.3334251,-0.3046167,1.787619
32,33,192,AnkleRight,0.2447631,-0.6358715,1.903319
32,33,192,FootRight,0.2922003,-0.691671,1.94772
32,33,192,SpineShoulder,0.2096952,0.550074,1.56417
32,33,192,HandTipLeft,0.1883595,-0.1205433,1.363639
32,33,192,ThumbLeft,0.1883623,-0.05328646,1.333253
32,33,192,HandTipRight,0.4487605,-0.08821892,1.85028
32,33,192,ThumbRight,0.4166347,-0.04917448,1.852569
32,33,269,SpineBase,0.2727925,0.01185408,1.710899
32,33,270,SpineMid,0.2435376,0.3225734,1.62557
32,33,270,Neck,0.2128549,0.6188148,1.526357
32,33,270,Head,0.2680117,0.7332852,1.521367
32,33,270,ShoulderLeft,0.1268983,0.4607031,1.456537
32,33,270,ElbowLeft,0.07004509,0.2309977,1.423715
32,33,270,WristLeft,0.1412905,0.003000251,1.370588
32,33,270,HandLeft,0.1660507,-0.06629007,1.334698
32,33,270,ShoulderRight,0.3288195,0.5273002,1.655793
32,33,270,ElbowRight,0.3810439,0.3563226,1.747505
32,33,270,WristRight,0.4069963,0.1026101,1.783418
32,33,270,HandRight,0.4456449,-0.03039931,1.818449
32,33,270,HipLeft,0.2213281,0.002535987,1.644963
32,33,270,KneeLeft,0.1796178,-0.3699155,1.69121
32,33,270,AnkleLeft,0.1909159,-0.7223727,1.804227
32,33,270,FootLeft,0.2325727,-0.7836123,1.752267
32,33,270,HipRight,0.3131108,0.0206386,1.705341
32,33,270,KneeRight,0.3415292,-0.3457301,1.775746
32,33,270,AnkleRight,0.2958723,-0.6861455,1.900936
32,33,270,FootRight,0.3569336,-0.75,1.884766
32,33,270,SpineShoulder,0.2206811,0.5468941,1.553208
32,33,270,HandTipLeft,0.1941045,-0.1275576,1.330937
32,33,270,ThumbLeft,0.1903881,-0.06029224,1.298413
32,33,270,HandTipRight,0.4601175,-0.09134068,1.83845
32,33,270,ThumbRight,0.4278946,-0.05227093,1.840746
32,33,360,SpineBase,0.3101522,-0.01227169,1.672471
32,33,360,SpineMid,0.278767,0.3050707,1.592182
32,33,360,Neck,0.2416654,0.608742,1.502643
32,33,360,Head,0.305163,0.7213585,1.504811
32,33,360,ShoulderLeft,0.1555027,0.4513961,1.436847
32,33,360,ElbowLeft,0.08806774,0.2202528,1.407252
32,33,360,WristLeft,0.1438928,-0.004733711,1.362928
32,33,360,HandLeft,0.1659266,-0.07882908,1.329488
32,33,360,ShoulderRight,0.3574823,0.5171592,1.632047
32,33,360,ElbowRight,0.4093533,0.346167,1.723775
32,33,360,WristRight,0.4350599,0.09266169,1.759654
32,33,360,HandRight,0.4737231,-0.04057202,1.794711
32,33,360,HipLeft,0.2563804,-0.02067959,1.605828
32,33,360,KneeLeft,0.1983432,-0.4129892,1.690886
32,33,360,AnkleLeft,0.1907707,-0.7465314,1.813304
32,33,360,FootLeft,0.2392204,-0.7903998,1.747885
32,33,360,HipRight,0.3506234,-0.00336486,1.667972
32,33,360,KneeRight,0.3588759,-0.3527393,1.741178
32,33,360,AnkleRight,0.3640569,-0.7166827,1.841904
32,33,360,FootRight,0.3957667,-0.7774596,1.794785
32,33,360,SpineShoulder,0.2511406,0.535172,1.527174
32,33,360,HandTipLeft,0.1912213,-0.1438236,1.324876
32,33,360,ThumbLeft,0.1862494,-0.07738281,1.285789
32,33,360,HandTipRight,0.4880126,-0.1014589,1.814736
32,33,361,ThumbRight,0.4555613,-0.06231163,1.81707
32,33,460,SpineBase,0.3407021,-0.02202692,1.638347
32,33,460,SpineMid,0.2979515,0.2997789,1.577845
32,33,460,Neck,0.257897,0.6046737,1.49718
32,33,460,Head,0.3240123,0.7154803,1.501832
32,33,460,ShoulderLeft,0.1666337,0.4468235,1.43362
32,33,460,ElbowLeft,0.09731536,0.2105954,1.410684
32,33,460,WristLeft,0.1447132,-0.02906482,1.372926
32,33,460,HandLeft,0.156864,-0.09663609,1.363595
32,33,460,ShoulderRight,0.3736217,0.5130742,1.626557
32,33,460,ElbowRight,0.425302,0.3420918,1.718274
32,33,460,WristRight,0.4508806,0.08868522,1.75413
32,33,460,HandRight,0.4895483,-0.04464146,1.789198
32,33,460,HipLeft,0.2840499,-0.02768954,1.574572
32,33,460,KneeLeft,0.2073915,-0.4162745,1.685463
32,33,460,AnkleLeft,0.1940689,-0.7440499,1.81553
32,33,460,FootLeft,0.2380591,-0.7896712,1.747892
32,33,460,HipRight,0.3826061,-0.01563573,1.630981
32,33,460,KneeRight,0.3825248,-0.3605286,1.723089
32,33,460,AnkleRight,0.3645709,-0.7152466,1.839302
32,33,460,FootRight,0.3999229,-0.7736725,1.793804
32,33,460,SpineShoulder,0.2680241,0.5307768,1.519683
32,33,460,HandTipLeft,0.1765309,-0.1633021,1.368752
32,33,460,ThumbLeft,0.1533136,-0.1186364,1.319385
32,33,460,HandTipRight,0.5037424,-0.1055059,1.809228
32,33,460,ThumbRight,0.471172,-0.06632844,1.811571
32,33,556,SpineBase,0.3476712,-0.02684456,1.637835
32,33,556,SpineMid,0.3136372,0.2950005,1.57226
32,33,556,Neck,0.279673,0.6024467,1.489967
32,33,557,Head,0.344517,0.7145354,1.498471
32,33,557,ShoulderLeft,0.187265,0.440474,1.424786
32,33,557,ElbowLeft,0.1099033,0.1975799,1.423833
32,33,557,WristLeft,0.1352775,-0.04740917,1.421779
32,33,557,HandLeft,0.1395757,-0.1017269,1.42239
32,33,557,ShoulderRight,0.3952704,0.5108199,1.619323
32,33,557,ElbowRight,0.4466992,0.3398298,1.711055
32,33,557,WristRight,0.4721334,0.08632848,1.746938
32,33,557,HandRight,0.5107834,-0.04690934,1.781984
32,33,557,HipLeft,0.2940629,-0.03295519,1.574954
32,33,557,KneeLeft,0.2252899,-0.4170887,1.677344
32,33,557,AnkleLeft,0.1942533,-0.7392719,1.812742
32,33,557,FootLeft,0.2363066,-0.7878222,1.748935
32,33,557,HipRight,0.3868931,-0.01977557,1.62983
32,33,557,KneeRight,0.3918614,-0.3632156,1.71798
32,33,557,AnkleRight,0.3653485,-0.7148724,1.83837
32,33,557,FootRight,0.3997661,-0.7732643,1.79325
32,33,557,SpineShoulder,0.2883951,0.5277734,1.512649
32,33,557,HandTipLeft,0.151149,-0.1718899,1.436806
32,33,557,ThumbLeft,0.1294361,-0.1301134,1.39
32,33,557,HandTipRight,0.5248511,-0.1077614,1.802029
32,33,557,ThumbRight,0.4921232,-0.06856623,1.804392
32,33,662,SpineBase,0.3556835,-0.03404298,1.636579
32,33,662,SpineMid,0.3244868,0.2910003,1.568177
32,33,662,Neck,0.2926631,0.6014005,1.484537
32,33,662,Head,0.3602329,0.7117935,1.496301
32,33,662,ShoulderLeft,0.2032977,0.4360554,1.418889
32,33,662,ElbowLeft,0.12389,0.1858082,1.434488
32,33,662,WristLeft,0.1295727,-0.03674046,1.435304
32,33,662,HandLeft,0.1244515,-0.08994238,1.458812
32,33,662,ShoulderRight,0.4081863,0.5097465,1.613881
32,33,662,ElbowRight,0.4594593,0.3387361,1.705613
32,33,662,WristRight,0.5247916,0.09451886,1.749385
32,33,662,HandRight,0.5559154,-0.0183048,1.770613
32,33,662,HipLeft,0.3032389,-0.03876287,1.575186
32,33,663,KneeLeft,0.2319677,-0.4194368,1.676265
32,33,663,AnkleLeft,0.1948509,-0.7390616,1.811458
32,33,663,FootLeft,0.2363975,-0.7874554,1.748093
32,33,663,HipRight,0.3932229,-0.02816204,1.626907
32,33,663,KneeRight,0.3964794,-0.3692262,1.716079
32,33,663,AnkleRight,0.3658753,-0.7149518,1.837769
32,33,663,FootRight,0.3980431,-0.7745758,1.797139
32,33,663,SpineShoulder,0.3008638,0.5260015,1.507528
32,33,663,HandTipLeft,0.1323569,-0.1642172,1.477751
32,33,663,ThumbLeft,0.1028553,-0.1114275,1.444209
32,33,663,HandTipRight,0.5713921,-0.04840605,1.789595
32,33,663,ThumbRight,0.5524196,-0.0456004,1.796333
32,33,731,SpineBase,0.3587739,-0.03561795,1.635489
32,33,731,SpineMid,0.3311172,0.2895544,1.565274
32,33,731,Neck,0.3026488,0.6000724,1.480502
32,33,731,Head,0.3665694,0.7124975,1.49544
32,33,731,ShoulderLeft,0.2122403,0.4351724,1.416316
32,33,731,ElbowLeft,0.1301248,0.184778,1.438721
32,33,731,WristLeft,0.1287007,-0.03271244,1.43984
32,33,731,HandLeft,0.1243775,-0.08621081,1.464267
32,33,731,ShoulderRight,0.4181145,0.508398,1.609833
32,33,731,ElbowRight,0.4692656,0.3373749,1.701557
32,33,731,WristRight,0.5360868,0.09301522,1.744471
32,33,731,HandRight,0.5737647,-0.002962872,1.760743
32,33,731,HipLeft,0.3094425,-0.04146995,1.569518
32,33,731,KneeLeft,0.2349977,-0.4183612,1.674521
32,33,731,AnkleLeft,0.1965691,-0.7356181,1.810348
32,33,731,FootLeft,0.2349595,-0.7861019,1.748207
32,33,731,HipRight,0.3946043,-0.0290847,1.627829
32,33,731,KneeRight,0.3999317,-0.3728897,1.715483
32,33,731,AnkleRight,0.3660166,-0.7150315,1.837665
32,33,732,FootRight,0.3975807,-0.7746148,1.800238
32,33,732,SpineShoulder,0.3100399,0.5246642,1.503741
32,33,732,HandTipLeft,0.129619,-0.1571385,1.483031
32,33,732,ThumbLeft,0.1023595,-0.1117593,1.451722
32,33,732,HandTipRight,0.5895672,-0.0491659,1.778834
32,33,732,ThumbRight,0.6071078,-0.01552965,1.741294
32,33,792,SpineBase,0.3629191,-0.04018457,1.630993
32,33,792,SpineMid,0.3366335,0.2865818,1.560589
32,33,792,Neck,0.3087265,0.5983183,1.476375
32,33,792,Head,0.3749166,0.7097121,1.491878
32,33,792,ShoulderLeft,0.2169164,0.4347085,1.413903
32,33,792,ElbowLeft,0.1324758,0.1851782,1.439425
32,33,792,WristLeft,0.1293775,-0.03291415,1.440853
32,33,792,HandLeft,0.1325437,-0.09354118,1.458331
32,33,792,ShoulderRight,0.4241556,0.5066357,1.605702
32,33,792,ElbowRight,0.4752319,0.3356159,1.697441
32,33,792,WristRight,0.5492533,0.0912831,1.731813
32,33,792,HandRight,0.5824651,0.006794716,1.74343
32,33,792,HipLeft,0.3126965,-0.04483773,1.565909
32,33,792,KneeLeft,0.2382522,-0.4172574,1.672594
32,33,792,AnkleLeft,0.1972539,-0.7326062,1.808103
32,33,792,FootLeft,0.233881,-0.7849624,1.749171
32,33,792,HipRight,0.3980249,-0.03369055,1.624049
32,33,793,KneeRight,0.4018331,-0.3742793,1.714497
32,33,793,AnkleRight,0.3660122,-0.7150397,1.837626
32,33,793,FootRight,0.3975013,-0.7741539,1.801496
32,33,793,SpineShoulder,0.3160276,0.5226383,1.499455
32,33,793,HandTipLeft,0.1369979,-0.1647505,1.475264
32,33,793,ThumbLeft,0.116353,-0.1185801,1.435862
32,33,793,HandTipRight,0.608474,-0.04865581,1.755867
32,33,793,ThumbRight,0.6166431,-0.01744617,1.715792
32,33,858,SpineBase,0.3675896,-0.04175626,1.628437
32,33,858,SpineMid,0.3418484,0.285311,1.557418
32,33,858,Neck,0.3139265,0.5971621,1.473009
32,33,858,Head,0.381808,0.7077786,1.488966
32,33,859,ShoulderLeft,0.2195481,0.4343482,1.412419
32,33,859,ElbowLeft,0.133107,0.1882014,1.438311
32,33,859,WristLeft,0.134152,-0.03555381,1.439066
32,33,859,HandLeft,0.1458049,-0.09842088,1.442646
32,33,859,ShoulderRight,0.4259297,0.5086718,1.602326
32,33,859,ElbowRight,0.4769827,0.3376191,1.694086
32,33,859,WristRight,0.550613,0.0928419,1.728026
32,33,859,HandRight,0.5839307,0.008153202,1.733784
32,33,859,HipLeft,0.3169687,-0.04612857,1.563791
32,33,859,KneeLeft,0.2425205,-0.4127595,1.669297
32,33,859,AnkleLeft,0.1988308,-0.7278076,1.805609
32,33,859,FootLeft,0.2326723,-0.7825778,1.750375
32,33,859,HipRight,0.4023451,-0.03541823,1.621533
32,33,859,KneeRight,0.4029716,-0.3745232,1.714119
32,33,859,AnkleRight,0.3660658,-0.714932,1.837609
32,33,859,FootRight,0.3972961,-0.7736731,1.802559
32,33,860,SpineShoulder,0.3212715,0.521465,1.49612
32,33,860,HandTipLeft,0.1519622,-0.1722408,1.46217
32,33,860,ThumbLeft,0.1075327,-0.1000878,1.467462
32,33,860,HandTipRight,0.610185,-0.04843723,1.744221
32,33,860,ThumbRight,0.5976439,-0.02193464,1.689844
32,33,963,SpineBase,0.3811552,-0.04155114,1.628
32,33,963,SpineMid,0.3502189,0.2844239,1.555086
32,33,963,Neck,0.3188481,0.5953573,1.469432
32,33,963,Head,0.3877773,0.7049804,1.483706
32,33,963,ShoulderLeft,0.2211281,0.4339032,1.410819
32,33,963,ElbowLeft,0.1347829,0.1975172,1.433421
32,33,963,WristLeft,0.1573081,-0.04202866,1.415396
32,33,963,HandLeft,0.169844,-0.0982291,1.410905
32,33,963,ShoulderRight,0.4303522,0.5093386,1.60038
32,33,963,ElbowRight,0.5146227,0.2888493,1.699243
32,33,963,WristRight,0.5670621,0.03826632,1.730474
32,33,963,HandRight,0.5813853,-0.03687875,1.739062
32,33,963,HipLeft,0.3283779,-0.0466502,1.564342
32,33,963,KneeLeft,0.2551294,-0.3836285,1.653297
32,33,963,AnkleLeft,0.199337,-0.7277841,1.805574
32,33,963,FootLeft,0.232655,-0.7823458,1.750545
32,33,963,HipRight,0.4174456,-0.03447808,1.620348
32,33,963,KneeRight,0.4051742,-0.3716607,1.712758
32,33,963,AnkleRight,0.3660956,-0.7148907,1.837559
32,33,963,FootRight,0.3969617,-0.7733163,1.803365
32,33,963,SpineShoulder,0.3269058,0.5198894,1.492861
32,33,963,HandTipLeft,0.181792,-0.1658474,1.416041
32,33,963,ThumbLeft,0.1300561,-0.1266788,1.412667
32,33,964,HandTipRight,0.5885791,-0.09901762,1.741211
32,33,964,ThumbRight,0.6068031,-0.04124959,1.706655
32,34,092,SpineBase,0.3817042,-0.04256429,1.612669
32,34,092,SpineMid,0.3531554,0.2825781,1.54693
32,34,092,Neck,0.3226187,0.592656,1.465464
32,34,092,Head,0.3919475,0.7022852,1.48004
32,34,092,ShoulderLeft,0.2228576,0.4338224,1.409607
32,34,092,ElbowLeft,0.1366132,0.1992444,1.426875
32,34,092,WristLeft,0.1728062,-0.04348753,1.400417
32,34,092,HandLeft,0.1919122,-0.09639555,1.383024
32,34,092,ShoulderRight,0.4353562,0.5080179,1.594947
32,34,092,ElbowRight,0.51581,0.2867537,1.697473
32,34,092,WristRight,0.5543206,0.03201656,1.726644
32,34,092,HandRight,0.5655643,-0.06153746,1.748958
32,34,092,HipLeft,0.3248295,-0.04798281,1.549654
32,34,092,KneeLeft,0.2550917,-0.379593,1.651199
32,34,092,AnkleLeft,0.2001966,-0.7273335,1.805253
32,34,092,FootLeft,0.2324968,-0.7820578,1.750636
32,34,092,HipRight,0.4220195,-0.0352439,1.603855
32,34,092,KneeRight,0.4071386,-0.3680424,1.71173
32,34,092,AnkleRight,0.3659545,-0.7149907,1.837747
32,34,092,FootRight,0.397179,-0.7727481,1.80441
32,34,092,SpineShoulder,0.3305248,0.5174071,1.488036
32,34,092,HandTipLeft,0.2149576,-0.1657827,1.388567
32,34,092,ThumbLeft,0.154699,-0.09944975,1.4037
32,34,092,HandTipRight,0.5639401,-0.1063787,1.75267
32,34,092,ThumbRight,0.5671853,-0.05965512,1.735461
32,34,157,SpineBase,0.3820203,-0.04233285,1.609867
32,34,157,SpineMid,0.3544424,0.2820593,1.543568
32,34,157,Neck,0.3247462,0.5911068,1.462562
32,34,157,Head,0.3938807,0.7012643,1.478178
32,34,157,ShoulderLeft,0.2237053,0.4333883,1.408883
32,34,157,ElbowLeft,0.1376964,0.1991311,1.424275
32,34,157,WristLeft,0.1757001,-0.04338396,1.39684
32,34,158,HandLeft,0.1934292,-0.09741981,1.380463
32,34,158,ShoulderRight,0.4375515,0.5073,1.592769
32,34,158,ElbowRight,0.516752,0.2850536,1.696517
32,34,158,WristRight,0.5543815,0.0293328,1.726594
32,34,158,HandRight,0.5255154,-0.03532268,1.710796
32,34,158,HipLeft,0.3244203,-0.04806977,1.547196
32,34,158,KneeLeft,0.255693,-0.3777167,1.650805
32,34,158,AnkleLeft,0.2001865,-0.7273524,1.805228
32,34,158,FootLeft,0.2323899,-0.7817253,1.750853
32,34,158,HipRight,0.4230032,-0.03468465,1.600958
32,34,158,KneeRight,0.406141,-0.365294,1.711369
32,34,158,AnkleRight,0.3658387,-0.7150415,1.837901
32,34,158,FootRight,0.397052,-0.772344,1.804596
32,34,158,SpineShoulder,0.3324799,0.5161212,1.484949
32,34,158,HandTipLeft,0.2146935,-0.165392,1.382759
32,34,158,ThumbLeft,0.1562756,-0.109116,1.4157
32,34,158,HandTipRight,0.5240358,-0.08031493,1.714462
32,34,158,ThumbRight,0.5274646,-0.03376364,1.697187
