48,10,310,SpineBase,-0.3286167,0.1627927,2.295093
48,10,310,SpineMid,-0.3521939,0.4625355,2.216906
48,10,310,Neck,-0.3729482,0.750909,2.127409
48,10,311,Head,-0.3193973,0.8744913,2.092515
48,10,311,ShoulderLeft,-0.4935508,0.6133738,2.081269
48,10,311,ElbowLeft,-0.5681189,0.3743631,2.135532
48,10,311,WristLeft,-0.5862315,0.1502588,2.16728
48,10,311,HandLeft,-0.5863891,0.08410067,2.182587
48,10,311,ShoulderRight,-0.2238204,0.6434836,2.260186
48,10,311,ElbowRight,-0.1882011,0.4063856,2.374878
48,10,311,WristRight,-0.1246754,0.2033001,2.434482
48,10,311,HandRight,-0.1157901,0.1502367,2.438869
48,10,311,HipLeft,-0.385122,0.1532029,2.229329
48,10,311,KneeLeft,-0.4220361,-0.1702603,2.257506
48,10,312,AnkleLeft,-0.5894986,-0.4890215,2.528261
48,10,312,FootLeft,-0.5893077,-0.5755988,2.531411
48,10,312,HipRight,-0.2618154,0.1672542,2.288608
48,10,312,KneeRight,-0.2672655,-0.1717423,2.373258
48,10,312,AnkleRight,-0.2801113,-0.5210912,2.43308
48,10,312,FootRight,-0.2520237,-0.6088333,2.376192
48,10,312,SpineShoulder,-0.3682248,0.6804902,2.151814
48,10,312,HandTipLeft,-0.591232,0.01058308,2.208815
48,10,313,ThumbLeft,-0.5519962,0.0833222,2.15968
48,10,313,HandTipRight,-0.1131375,0.08070131,2.467848
48,10,313,ThumbRight,-0.1075877,0.150202,2.399333
48,10,369,SpineBase,-0.3011887,0.1672339,2.274696
48,10,369,SpineMid,-0.3264242,0.4634896,2.199426
48,10,369,Neck,-0.3486088,0.7487043,2.112542
48,10,369,Head,-0.2844818,0.8710961,2.073689
48,10,369,ShoulderLeft,-0.4686039,0.6111741,2.067974
48,10,369,ElbowLeft,-0.5432675,0.3718153,2.123899
48,10,369,WristLeft,-0.5579121,0.1418015,2.154754
48,10,369,HandLeft,-0.5530664,0.07662574,2.167212
48,10,369,ShoulderRight,-0.1951724,0.6411591,2.24934
48,10,369,ElbowRight,-0.1379158,0.4185801,2.341471
48,10,369,WristRight,-0.06440004,0.2202098,2.392148
48,10,370,HandRight,-0.03435401,0.1452127,2.391468
48,10,370,HipLeft,-0.3586386,0.1575398,2.211161
48,10,370,KneeLeft,-0.3695952,-0.1714553,2.206598
48,10,370,AnkleLeft,-0.5183837,-0.5084814,2.463684
48,10,370,FootLeft,-0.5169559,-0.6023747,2.43255
48,10,370,HipRight,-0.2342243,0.1716404,2.266201
48,10,370,KneeRight,-0.2551672,-0.171605,2.371094
48,10,370,AnkleRight,-0.2794684,-0.5215431,2.432876
48,10,370,FootRight,-0.2516966,-0.6101501,2.3774
48,10,370,SpineShoulder,-0.3435397,0.6790476,2.136316
48,10,370,HandTipLeft,-0.5599695,0.0039505,2.191461
48,10,370,ThumbLeft,-0.5100999,0.05881033,2.1464
48,10,370,HandTipRight,-0.02662322,0.07581288,2.412283
48,10,370,ThumbRight,-0.01788358,0.1462082,2.351792
48,10,440,SpineBase,-0.2723121,0.167341,2.252504
48,10,440,SpineMid,-0.2938736,0.4616492,2.174725
48,10,440,Neck,-0.3129958,0.7444232,2.085763
48,10,440,Head,-0.2530717,0.8658358,2.050571
48,10,440,ShoulderLeft,-0.4301068,0.6086662,2.039843
48,10,440,ElbowLeft,-0.4982671,0.3632784,2.100265
48,10,440,WristLeft,-0.5113188,0.1427596,2.124243
48,10,440,HandLeft,-0.5112001,0.07810828,2.138761
48,10,440,ShoulderRight,-0.1564637,0.632443,2.223617
48,10,440,ElbowRight,-0.1006353,0.425593,2.3042
48,10,440,WristRight,-0.004577746,0.2281783,2.321118
48,10,440,HandRight,0.02930063,0.1556445,2.324591
48,10,440,HipLeft,-0.3294114,0.1589703,2.187741
48,10,440,KneeLeft,-0.3257432,-0.2128804,2.186919
48,10,440,AnkleLeft,-0.4225398,-0.5290416,2.375734
48,10,440,FootLeft,-0.3933105,-0.6118164,2.333984
48,10,440,HipRight,-0.2066034,0.1704384,2.245525
48,10,440,KneeRight,-0.2144237,-0.1626832,2.350372
48,10,440,AnkleRight,-0.2820494,-0.530426,2.433535
48,10,441,FootRight,-0.2538832,-0.6074395,2.377727
48,10,441,SpineShoulder,-0.3086115,0.675419,2.11001
48,10,441,HandTipLeft,-0.5205045,0.003360057,2.164139
48,10,441,ThumbLeft,-0.4720374,0.06602098,2.122588
48,10,441,HandTipRight,0.04602709,0.08732795,2.33815
48,10,441,ThumbRight,0.0335557,0.1622093,2.275474
48,10,540,SpineBase,-0.2496541,0.1447645,2.208692
48,10,540,SpineMid,-0.2586247,0.4462945,2.133119
48,10,540,Neck,-0.2656765,0.7360668,2.046135
48,10,541,Head,-0.2055354,0.8566117,2.006478
48,10,541,ShoulderLeft,-0.3838489,0.5984337,2.003125
48,10,541,ElbowLeft,-0.4523385,0.3686733,2.047688
48,10,541,WristLeft,-0.4485537,0.1539203,2.069716
48,10,541,HandLeft,-0.4323723,0.07943588,2.088301
48,10,541,ShoulderRight,-0.110916,0.6198798,2.193575
48,10,541,ElbowRight,-0.05281343,0.4173005,2.263291
48,10,541,WristRight,0.04783988,0.2301022,2.262495
48,10,541,HandRight,0.09209186,0.153149,2.238656
48,10,541,HipLeft,-0.3070509,0.1373952,2.144102
48,10,541,KneeLeft,-0.2489647,-0.2296216,2.132486
48,10,541,AnkleLeft,-0.2736465,-0.588935,2.260558
48,10,541,FootLeft,-0.2369385,-0.659668,2.205078
48,10,541,HipRight,-0.1841747,0.1474134,2.201302
48,10,541,KneeRight,-0.2367535,-0.2222839,2.17943
48,10,541,AnkleRight,-0.2600081,-0.5859477,2.266458
48,10,541,FootRight,-0.2027108,-0.6374506,2.171576
48,10,541,SpineShoulder,-0.2642336,0.66535,2.069908
48,10,541,HandTipLeft,-0.4384447,-0.006603404,2.103047
48,10,541,ThumbLeft,-0.3853525,0.07589822,2.073236
48,10,541,HandTipRight,0.1120598,0.09314545,2.238799
48,10,541,ThumbRight,0.09606981,0.1634936,2.189222
48,10,653,SpineBase,-0.2017435,0.1451285,2.159523
48,10,653,SpineMid,-0.2140709,0.4380815,2.088422
48,10,653,Neck,-0.2246418,0.7193556,2.005963
48,10,653,Head,-0.1631126,0.8375774,1.967135
48,10,653,ShoulderLeft,-0.3374707,0.5802391,1.95718
48,10,653,ElbowLeft,-0.4028726,0.3576674,1.991015
48,10,653,WristLeft,-0.3837613,0.1319951,2.009191
48,10,653,HandLeft,-0.3642653,0.05073082,2.024783
48,10,653,ShoulderRight,-0.07501102,0.6070892,2.154317
48,10,653,ElbowRight,-0.02394606,0.3980361,2.228461
48,10,653,WristRight,0.07246913,0.2119794,2.210302
48,10,653,HandRight,0.1111861,0.1411969,2.183363
48,10,653,HipLeft,-0.2584582,0.1363709,2.094111
48,10,653,KneeLeft,-0.1992455,-0.198122,2.095324
48,10,653,AnkleLeft,-0.148962,-0.6122203,2.135329
48,10,653,FootLeft,-0.08953857,-0.6860352,2.052734
48,10,653,HipRight,-0.1383835,0.1490581,2.153155
48,10,653,KneeRight,-0.1930806,-0.2593546,2.112778
48,10,653,AnkleRight,-0.3085291,-0.5477258,2.428614
48,10,653,FootRight,-0.2889532,-0.6252068,2.373502
48,10,653,SpineShoulder,-0.2222882,0.6507481,2.028599
48,10,653,HandTipLeft,-0.3637311,-0.0298471,2.032647
48,10,654,ThumbLeft,-0.3159721,0.04677403,2.010134
48,10,654,HandTipRight,0.1312144,0.07974363,2.176295
48,10,654,ThumbRight,0.1178278,0.1521564,2.137731
48,10,707,SpineBase,-0.1657384,0.1326425,2.120208
48,10,707,SpineMid,-0.1850747,0.4248105,2.054083
48,10,707,Neck,-0.2036056,0.706237,1.978189
48,10,707,Head,-0.14027,0.8261271,1.939096
48,10,707,ShoulderLeft,-0.3060493,0.5614663,1.921017
48,10,707,ElbowLeft,-0.3672386,0.3399069,1.949992
48,10,707,WristLeft,-0.338167,0.1114667,1.963296
48,10,707,HandLeft,-0.3196633,0.02903084,1.978411
48,10,707,ShoulderRight,-0.05679053,0.5964443,2.133186
48,10,707,ElbowRight,-0.01310646,0.3795759,2.206776
48,10,707,WristRight,0.07723497,0.1926961,2.203449
48,10,708,HandRight,0.1083207,0.1162813,2.170867
48,10,708,HipLeft,-0.2212763,0.1229105,2.052473
48,10,708,KneeLeft,-0.1913232,-0.1838442,2.049954
48,10,708,AnkleLeft,-0.08946935,-0.651954,2.087715
48,10,708,FootLeft,-0.03261761,-0.7007919,2.012566
48,10,708,HipRight,-0.1046706,0.137887,2.116313
48,10,708,KneeRight,-0.1534636,-0.2777893,2.082681
48,10,708,AnkleRight,-0.3010575,-0.5502734,2.423443
48,10,708,FootRight,-0.2629838,-0.6234639,2.364321
48,10,708,SpineShoulder,-0.1993813,0.6375768,1.999264
48,10,708,HandTipLeft,-0.3137493,-0.05185965,1.988424
48,10,708,ThumbLeft,-0.2720596,0.0358048,1.967857
48,10,708,HandTipRight,0.1242073,0.05133136,2.169482
48,10,708,ThumbRight,0.1220178,0.121785,2.130087
48,10,771,SpineBase,-0.1167857,0.1165264,2.078151
48,10,771,SpineMid,-0.1455674,0.4094262,2.012524
48,10,771,Neck,-0.1724683,0.6903757,1.935464
48,10,771,Head,-0.1119964,0.8113778,1.899233
48,10,772,ShoulderLeft,-0.2741337,0.5407432,1.879057
48,10,772,ElbowLeft,-0.3269025,0.3102466,1.900261
48,10,772,WristLeft,-0.2915852,0.08877286,1.907659
48,10,772,HandLeft,-0.2743568,0.005466307,1.922844
48,10,772,ShoulderRight,-0.03455922,0.5854738,2.085688
48,10,772,ElbowRight,0.004436989,0.356107,2.178304
48,10,772,WristRight,0.07075109,0.1600358,2.184771
48,10,772,HandRight,0.09683333,0.08151659,2.172805
48,10,772,HipLeft,-0.1712431,0.1037326,2.008059
48,10,772,KneeLeft,-0.1314273,-0.2051365,2.021881
48,10,772,AnkleLeft,-0.07781223,-0.6471878,2.079566
48,10,772,FootLeft,-0.02703159,-0.7090247,2.003866
48,10,772,HipRight,-0.05838477,0.1252939,2.076654
48,10,772,KneeRight,-0.1246489,-0.2908599,2.058045
48,10,772,AnkleRight,-0.2879947,-0.5545063,2.413917
48,10,772,FootRight,-0.2558866,-0.6334116,2.363597
48,10,772,SpineShoulder,-0.1660341,0.6218756,1.956743
48,10,772,HandTipLeft,-0.2661853,-0.07559753,1.937891
48,10,772,ThumbLeft,-0.2307881,0.02324934,1.920474
48,10,772,HandTipRight,0.1063351,0.01742846,2.17804
48,10,772,ThumbRight,0.1179709,0.07938375,2.143722
48,10,873,SpineBase,-0.0467839,0.1105078,2.018635
48,10,874,SpineMid,-0.09304567,0.4038752,1.953426
48,10,874,Neck,-0.1371598,0.6849191,1.876739
48,10,874,Head,-0.07792242,0.8074099,1.843147
48,10,874,ShoulderLeft,-0.2282159,0.5327548,1.811668
48,10,874,ElbowLeft,-0.2684537,0.3020414,1.823196
48,10,874,WristLeft,-0.2226519,0.07195081,1.824732
48,10,874,HandLeft,-0.2032627,-0.007931874,1.837928
48,10,874,ShoulderRight,-0.004202326,0.5754604,2.011357
48,10,874,ElbowRight,0.04096935,0.3712796,2.114507
48,10,874,WristRight,0.1034149,0.174843,2.120753
48,10,874,HandRight,0.09012116,0.08548751,2.160285
48,10,874,HipLeft,-0.1013714,0.09770621,1.949098
48,10,874,KneeLeft,-0.1049144,-0.2664413,1.985563
48,10,874,AnkleLeft,-0.07428313,-0.6415601,2.069287
48,10,874,FootLeft,-0.02676443,-0.7099888,2.004469
48,10,874,HipRight,0.009378592,0.1193752,2.016554
48,10,874,KneeRight,-0.09525254,-0.2986348,2.007145
48,10,874,AnkleRight,-0.2719424,-0.5616502,2.405947
48,10,874,FootRight,-0.2393834,-0.6416967,2.360461
48,10,874,SpineShoulder,-0.1264474,0.6164439,1.897913
48,10,874,HandTipLeft,-0.1978194,-0.08415154,1.853166
48,10,874,ThumbLeft,-0.1587071,0.004755335,1.834205
48,10,875,HandTipRight,0.09965248,0.02137702,2.165529
48,10,875,ThumbRight,0.1113255,0.08330791,2.131222
48,10,981,SpineBase,-0.01350772,0.09328465,1.959694
48,10,981,SpineMid,-0.05589378,0.3915615,1.894704
48,10,981,Neck,-0.09645467,0.6770073,1.818104
48,10,982,Head,-0.04187769,0.8009859,1.787213
48,10,982,ShoulderLeft,-0.1798295,0.5217694,1.748279
48,10,982,ElbowLeft,-0.2158998,0.2861233,1.749112
48,10,982,WristLeft,-0.1456348,0.06375194,1.743782
48,10,982,HandLeft,-0.1230732,-0.01181974,1.748427
48,10,982,ShoulderRight,0.02913963,0.5624889,1.936125
48,10,983,ElbowRight,0.07403053,0.3580969,2.039315
48,10,983,WristRight,-0.0008652058,0.1253688,1.896479
48,10,983,HandRight,0.01156583,0.06313151,1.855047
48,10,983,HipLeft,-0.06796609,0.08061237,1.888201
48,10,983,KneeLeft,-0.09688377,-0.2736992,1.969992
48,10,983,AnkleLeft,-0.07190558,-0.6384219,2.064109
48,10,983,FootLeft,-0.02812763,-0.7060984,2.007395
48,10,983,HipRight,0.04134903,0.1025277,1.959487
48,10,983,KneeRight,0.04717078,-0.2069146,2.065899
48,10,983,AnkleRight,-0.2039007,-0.5196914,2.334563
48,10,983,FootRight,-0.1339914,-0.5720835,2.243682
48,10,983,SpineShoulder,-0.08657811,0.6074992,1.839254
48,10,983,HandTipLeft,-0.1022148,-0.07927885,1.762671
48,10,983,ThumbLeft,-0.07794552,-0.01765867,1.759778
48,10,983,HandTipRight,-0.006058708,-0.02326011,1.878617
48,10,983,ThumbRight,0.05702328,0.009059292,1.946083
48,11,047,SpineBase,0.005739342,0.08440222,1.943903
48,11,047,SpineMid,-0.03341017,0.3839791,1.871727
48,11,047,Neck,-0.07038885,0.6709901,1.786214
48,11,048,Head,-0.0194949,0.7969136,1.758651
48,11,048,ShoulderLeft,-0.1547358,0.5198547,1.719414
48,11,048,ElbowLeft,-0.1827554,0.2750675,1.708209
48,11,048,WristLeft,-0.1015477,0.05343478,1.692091
48,11,048,HandLeft,-0.06252731,-0.009443063,1.71319
48,11,048,ShoulderRight,0.04461065,0.5733809,1.92047
48,11,048,ElbowRight,0.08936083,0.3688298,2.02371
48,11,048,WristRight,0.01446432,0.1362725,1.881046
48,11,048,HandRight,0.05013954,0.07277955,1.824037
48,11,048,HipLeft,-0.04599471,0.06999407,1.872235
48,11,048,KneeLeft,-0.09135623,-0.2849534,1.961442
48,11,048,AnkleLeft,-0.07072616,-0.6341774,2.060354
48,11,048,FootLeft,-0.02875595,-0.7046012,2.008671
48,11,049,HipRight,0.05747876,0.09548614,1.943765
48,11,049,KneeRight,0.08731856,-0.2248547,2.031687
48,11,049,AnkleRight,-0.01704771,-0.5278973,2.167864
48,11,049,FootRight,0.03942075,-0.4571129,2.160324
48,11,049,SpineShoulder,-0.06141968,0.6010797,1.809753
48,11,049,HandTipLeft,-0.04409311,-0.08719197,1.720111
48,11,049,ThumbLeft,-0.0091214,0.02321986,1.741986
48,11,049,HandTipRight,0.01933515,-0.02315955,1.856019
48,11,049,ThumbRight,0.03168485,-0.01983528,1.89
48,11,152,SpineBase,0.04249851,0.07221547,1.903437
48,11,152,SpineMid,0.01007113,0.3744338,1.826673
48,11,152,Neck,-0.0213287,0.6633634,1.738052
48,11,152,Head,0.04097796,0.780148,1.705066
48,11,152,ShoulderLeft,-0.1050793,0.5129382,1.674222
48,11,152,ElbowLeft,-0.1412363,0.2804781,1.66043
48,11,152,WristLeft,-0.05179303,0.05074045,1.630629
48,11,152,HandLeft,-0.02525931,-0.0161352,1.627028
48,11,152,ShoulderRight,0.08893542,0.5855438,1.867518
48,11,152,ElbowRight,0.13327,0.3806583,1.970876
48,11,152,WristRight,0.05835346,0.1486333,1.828679
48,11,152,HandRight,0.08267761,0.09004438,1.778982
48,11,152,HipLeft,-0.00748572,0.05742836,1.835115
48,11,152,KneeLeft,-0.07622478,-0.3139319,1.948197
48,11,152,AnkleLeft,-0.064353,-0.6386946,2.062523
48,11,152,FootLeft,-0.0240531,-0.7043146,2.011608
48,11,152,HipRight,0.09079248,0.08425426,1.899886
48,11,152,KneeRight,0.1401165,-0.2579844,1.97688
48,11,152,AnkleRight,0.04871618,-0.5948893,2.127511
48,11,152,FootRight,0.09649658,-0.6699219,2.125
48,11,152,SpineShoulder,-0.01362147,0.5930696,1.762212
48,11,152,HandTipLeft,0.003659806,-0.08133972,1.627695
48,11,152,ThumbLeft,0.006373596,0.02144164,1.701303
48,11,152,HandTipRight,0.07171322,-0.01693717,1.856139
48,11,152,ThumbRight,0.1191769,0.1242735,1.8075
48,11,243,SpineBase,0.07895446,0.06121239,1.873986
48,11,243,SpineMid,0.05352552,0.3622098,1.791403
48,11,243,Neck,0.02711505,0.6502568,1.698033
48,11,243,Head,0.09462997,0.7621067,1.664006
48,11,243,ShoulderLeft,-0.06567509,0.5012212,1.63917
48,11,243,ElbowLeft,-0.1056389,0.2761329,1.62437
48,11,243,WristLeft,-0.01608897,0.03846486,1.590624
48,11,243,HandLeft,0.008649799,-0.02745847,1.583188
48,11,243,ShoulderRight,0.136562,0.5728577,1.824509
48,11,243,ElbowRight,0.1804243,0.3678783,1.927881
48,11,243,WristRight,0.1055179,0.1366682,1.786194
48,11,243,HandRight,0.1191382,0.07747124,1.749545
48,11,243,HipLeft,0.02584691,0.05047507,1.806316
48,11,243,KneeLeft,-0.04906277,-0.3127153,1.929551
48,11,243,AnkleLeft,-0.05879067,-0.6370698,2.060325
48,11,243,FootLeft,-0.02395556,-0.7042141,2.010668
48,11,243,HipRight,0.1292226,0.0692839,1.869614
48,11,243,KneeRight,0.1847394,-0.2706676,1.917187
48,11,243,AnkleRight,0.1982214,-0.6518839,2.011754
48,11,243,FootRight,0.2539063,-0.7128906,1.970703
48,11,243,SpineShoulder,0.03365782,0.5802096,1.723385
48,11,243,HandTipLeft,0.03849902,-0.09195727,1.585572
48,11,243,ThumbLeft,0.05485775,-0.01056859,1.653857
48,11,243,HandTipRight,0.119476,-0.01825351,1.769129
48,11,243,ThumbRight,0.1651659,0.05453357,1.791147
48,11,312,SpineBase,0.1082734,0.04511257,1.848227
48,11,312,SpineMid,0.08242768,0.3488701,1.770522
48,11,312,Neck,0.05804265,0.6383544,1.679608
48,11,312,Head,0.1306902,0.7493934,1.642048
48,11,312,ShoulderLeft,-0.04179031,0.4922001,1.62442
48,11,312,ElbowLeft,-0.09526642,0.2718607,1.616241
48,11,312,WristLeft,-0.01150579,0.03397186,1.586903
48,11,312,HandLeft,0.02581712,-0.03121647,1.585719
48,11,312,ShoulderRight,0.1788091,0.5489841,1.80115
48,11,312,ElbowRight,0.2222346,0.3440952,1.904457
48,11,312,WristRight,0.09720042,0.1798793,1.71314
48,11,312,HandRight,0.07944147,0.1110698,1.677238
48,11,312,HipLeft,0.05330732,0.03656562,1.779199
48,11,312,KneeLeft,-0.03723285,-0.3158128,1.917209
48,11,312,AnkleLeft,-0.05741138,-0.6373122,2.059375
48,11,312,FootLeft,-0.02414322,-0.7043246,2.010184
48,11,312,HipRight,0.1588252,0.05191965,1.845449
48,11,312,KneeRight,0.2159171,-0.3154941,1.896468
48,11,312,AnkleRight,0.2811127,-0.6839084,1.944942
48,11,312,FootRight,0.3532715,-0.7314453,1.885742
48,11,312,SpineShoulder,0.06409769,0.5679746,1.704371
48,11,312,HandTipLeft,0.04694444,-0.1055605,1.570946
48,11,312,ThumbLeft,0.07593752,-0.03208714,1.637167
48,11,312,HandTipRight,0.04514934,0.03253103,1.660928
48,11,312,ThumbRight,0.1516051,0.05993754,1.705533
48,11,411,SpineBase,0.1835322,0.01580361,1.801666
48,11,411,SpineMid,0.1525565,0.3236484,1.732178
48,11,411,Neck,0.1213895,0.6176155,1.650341
48,11,412,Head,0.1914491,0.7251761,1.612833
48,11,412,ShoulderLeft,0.0166566,0.4697255,1.596512
48,11,412,ElbowLeft,-0.05236904,0.248649,1.603156
48,11,412,WristLeft,-0.0006471307,0.01373473,1.580811
48,11,413,HandLeft,0.02014481,-0.05998266,1.571278
48,11,413,ShoulderRight,0.2450966,0.5246147,1.771831
48,11,413,ElbowRight,0.3016015,0.2804416,1.879973
48,11,413,WristRight,0.1757321,0.1157817,1.688041
48,11,413,HandRight,0.04816501,-0.06458575,1.577699
48,11,413,HipLeft,0.1236219,0.006751241,1.733742
48,11,413,KneeLeft,0.03530242,-0.3244818,1.854754
48,11,413,AnkleLeft,-0.04553355,-0.6532314,2.056618
48,11,414,FootLeft,-0.01831058,-0.7207076,2.007354
48,11,414,HipRight,0.2360128,0.02420773,1.79779
48,11,414,KneeRight,0.2728314,-0.3486735,1.851248
48,11,414,AnkleRight,0.3271508,-0.703486,1.895835
48,11,414,FootRight,0.3959961,-0.7509766,1.847656
48,11,414,SpineShoulder,0.1292338,0.5461374,1.672835
48,11,414,HandTipLeft,0.03980573,-0.1314932,1.577772
48,11,414,ThumbLeft,0.05241962,-0.0365403,1.582429
48,11,414,HandTipRight,0.02387649,-0.1137934,1.551278
48,11,414,ThumbRight,0.05961989,-0.1134437,1.570625
48,11,511,SpineBase,0.2347771,0.0003726491,1.76898
48,11,512,SpineMid,0.2082616,0.3137725,1.701187
48,11,512,Neck,0.1808887,0.6128994,1.620924
48,11,512,Head,0.2501243,0.7203371,1.585576
48,11,512,ShoulderLeft,0.07258861,0.4656771,1.573111
48,11,512,ElbowLeft,-0.0243429,0.2375241,1.614904
48,11,512,WristLeft,-0.003046821,0.009476645,1.585557
48,11,512,HandLeft,0.003004084,-0.06646689,1.585137
48,11,512,ShoulderRight,0.3152261,0.4952117,1.740531
48,11,512,ElbowRight,0.3800468,0.2586786,1.854526
48,11,512,WristRight,0.2374546,0.08470216,1.681338
48,11,512,HandRight,0.1433506,-0.05969903,1.622957
48,11,512,HipLeft,0.1746273,-0.003950489,1.70535
48,11,512,KneeLeft,0.1279379,-0.3275512,1.784365
48,11,512,AnkleLeft,-0.01219634,-0.6320996,2.021924
48,11,512,FootLeft,-0.005652138,-0.704118,1.99647
48,11,512,HipRight,0.285304,0.004671685,1.760916
48,11,512,KneeRight,0.3233029,-0.3338209,1.812099
48,11,512,AnkleRight,0.3368492,-0.6937881,1.884231
48,11,512,FootRight,0.3948935,-0.7505931,1.846122
48,11,512,SpineShoulder,0.187886,0.5401828,1.643021
48,11,512,HandTipLeft,0.01468412,-0.1389256,1.595549
48,11,512,ThumbLeft,-0.03451609,-0.03657569,1.604286
48,11,512,HandTipRight,0.1146904,-0.1088801,1.639416
48,11,512,ThumbRight,0.2092375,-0.1162094,1.622029
48,11,607,SpineBase,0.3016309,0.01426793,1.736834
48,11,607,SpineMid,0.2672664,0.321393,1.668297
48,11,607,Neck,0.2317902,0.6142315,1.587397
48,11,607,Head,0.3048423,0.718473,1.548604
48,11,607,ShoulderLeft,0.1224097,0.4681855,1.544634
48,11,607,ElbowLeft,-0.007390507,0.2416623,1.612072
48,11,607,WristLeft,-0.01953901,0.01376429,1.603603
48,11,607,HandLeft,-0.02902378,-0.05120293,1.613047
48,11,607,ShoulderRight,0.3838983,0.5040708,1.717612
48,11,607,ElbowRight,0.4441496,0.2427404,1.796701
48,11,607,WristRight,0.5090131,0.04682472,1.801957
48,11,607,HandRight,0.535104,-0.01203132,1.803604
48,11,607,HipLeft,0.2380434,0.01116954,1.670676
48,11,608,KneeLeft,0.2141884,-0.3134403,1.689415
48,11,608,AnkleLeft,0.05567152,-0.6353943,1.958346
48,11,608,FootLeft,0.05041504,-0.7070313,1.928711
48,11,608,HipRight,0.3527079,0.01677431,1.73169
48,11,608,KneeRight,0.3377863,-0.3510672,1.762102
48,11,608,AnkleRight,0.3386686,-0.6943734,1.88011
48,11,608,FootRight,0.3953629,-0.7511246,1.845828
48,11,608,SpineShoulder,0.2408594,0.5430939,1.609638
48,11,608,HandTipLeft,-0.0299441,-0.1246536,1.635021
48,11,608,ThumbLeft,-0.06284104,-0.03619839,1.631111
48,11,608,HandTipRight,0.5460673,-0.07731087,1.800466
48,11,608,ThumbRight,0.5452457,0.00615791,1.749857
48,11,687,SpineBase,0.318224,0.01442318,1.720142
48,11,687,SpineMid,0.2854999,0.3207336,1.655289
48,11,687,Neck,0.2520536,0.6126528,1.577607
48,11,687,Head,0.3248998,0.7144244,1.539178
48,11,687,ShoulderLeft,0.1390397,0.4677933,1.53828
48,11,687,ElbowLeft,0.01167292,0.2415403,1.605289
48,11,687,WristLeft,-0.02733104,0.01596979,1.61404
48,11,687,HandLeft,-0.04556006,-0.04871119,1.635306
48,11,687,ShoulderRight,0.4251471,0.4876122,1.709238
48,11,687,ElbowRight,0.4860477,0.2481257,1.773962
48,11,687,WristRight,0.5784953,0.0625285,1.757447
48,11,687,HandRight,0.6087958,-0.002471453,1.749397
48,11,687,HipLeft,0.2515229,0.01186385,1.65582
48,11,687,KneeLeft,0.2441809,-0.3274158,1.650136
48,11,687,AnkleLeft,0.1254935,-0.6555485,1.896568
48,11,687,FootLeft,0.1312256,-0.7348633,1.854492
48,11,687,HipRight,0.3718909,0.01629777,1.71315
48,11,688,KneeRight,0.3560525,-0.3387246,1.724978
48,11,688,AnkleRight,0.3405332,-0.6931443,1.877287
48,11,688,FootRight,0.3947459,-0.7504249,1.846561
48,11,688,SpineShoulder,0.2605822,0.5417562,1.599065
48,11,688,HandTipLeft,-0.05263382,-0.1197239,1.663251
48,11,688,ThumbLeft,-0.08221075,-0.02879015,1.671294
48,11,688,HandTipRight,0.624851,-0.061509,1.73186
48,11,688,ThumbRight,0.6051651,0.02352962,1.704488
48,11,757,SpineBase,0.3434598,0.01636002,1.702464
48,11,757,SpineMid,0.3118131,0.3198889,1.635712
48,11,757,Neck,0.2784134,0.6088798,1.556723
48,11,757,Head,0.3523878,0.7081643,1.519832
48,11,757,ShoulderLeft,0.1652636,0.4668966,1.519059
48,11,757,ElbowLeft,0.03726015,0.237526,1.591074
48,11,757,WristLeft,-0.02725133,0.01833711,1.616666
48,11,757,HandLeft,-0.04272403,-0.04182472,1.636564
48,11,757,ShoulderRight,0.4523626,0.4810608,1.698974
48,11,757,ElbowRight,0.5136161,0.2504712,1.750715
48,11,757,WristRight,0.6254597,0.07725687,1.715578
48,11,757,HandRight,0.6528544,0.01763668,1.705276
48,11,757,HipLeft,0.2751076,0.011806,1.638451
48,11,757,KneeLeft,0.2832944,-0.3561272,1.622413
48,11,757,AnkleLeft,0.2029817,-0.7030402,1.825717
48,11,757,FootLeft,0.2744141,-0.769043,1.774414
48,11,758,HipRight,0.3973723,0.02025853,1.695547
48,11,758,KneeRight,0.3938849,-0.3185301,1.717592
48,11,758,AnkleRight,0.3409069,-0.702078,1.863223
48,11,758,FootRight,0.3774051,-0.7602785,1.83391
48,11,758,SpineShoulder,0.2870556,0.538723,1.578461
48,11,758,HandTipLeft,-0.0599666,-0.1109235,1.675304
48,11,758,ThumbLeft,-0.07115299,-0.0100093,1.669471
48,11,758,HandTipRight,0.6731507,-0.04665248,1.683306
48,11,758,ThumbRight,0.6454273,0.03305034,1.65953
48,11,840,SpineBase,0.3582127,0.01324396,1.67198
48,11,840,SpineMid,0.3330105,0.3166357,1.608149
48,11,840,Neck,0.3070714,0.6052566,1.53111
48,11,840,Head,0.384746,0.70169,1.49534
48,11,840,ShoulderLeft,0.1976079,0.4612402,1.488742
48,11,840,ElbowLeft,0.07879111,0.225385,1.556343
48,11,840,WristLeft,0.005013054,0.01614918,1.604102
48,11,840,HandLeft,-6.023249E-05,-0.04975337,1.616484
48,11,840,ShoulderRight,0.4790537,0.4771409,1.682455
48,11,840,ElbowRight,0.5366757,0.252415,1.733313
48,11,840,WristRight,0.6559489,0.08712594,1.679942
48,11,841,HandRight,0.694747,0.02495117,1.667614
48,11,841,HipLeft,0.2903716,0.007640135,1.603435
48,11,841,KneeLeft,0.3318787,-0.3607705,1.590807
48,11,841,AnkleLeft,0.3062429,-0.7388638,1.715557
48,11,841,FootLeft,0.3669434,-0.8051758,1.658203
48,11,841,HipRight,0.4107658,0.01816304,1.669408
48,11,841,KneeRight,0.3839464,-0.3096314,1.679154
48,11,841,AnkleRight,0.4091073,-0.7403722,1.845728
48,11,841,FootRight,0.4148276,-0.79694,1.772532
48,11,841,SpineShoulder,0.313738,0.535219,1.55242
48,11,841,HandTipLeft,-0.01631476,-0.1162242,1.652325
48,11,841,ThumbLeft,-0.02392189,-0.01061478,1.635733
48,11,841,HandTipRight,0.712101,-0.03066166,1.63771
48,11,841,ThumbRight,0.6769683,0.05269918,1.624171
48,11,942,SpineBase,0.394602,-0.004342904,1.65579
48,11,942,SpineMid,0.3544002,0.3054286,1.589844
48,11,942,Neck,0.3168314,0.5986171,1.511265
48,11,942,Head,0.3986962,0.6923768,1.484217
48,11,942,ShoulderLeft,0.2144287,0.4478946,1.462136
48,11,942,ElbowLeft,0.118573,0.2047852,1.515336
48,11,942,WristLeft,0.08396079,0.0001746354,1.54064
48,11,942,HandLeft,0.07291135,-0.07932545,1.557441
48,11,942,ShoulderRight,0.4828059,0.4718193,1.677067
48,11,942,ElbowRight,0.5433323,0.2453371,1.72447
48,11,942,WristRight,0.6569481,0.07443094,1.679429
48,11,942,HandRight,0.683754,0.0163505,1.666436
48,11,942,HipLeft,0.3346201,-0.01137287,1.580442
48,11,942,KneeLeft,0.3396816,-0.370557,1.590253
48,11,942,AnkleLeft,0.3404112,-0.7539809,1.676177
48,11,942,FootLeft,0.3911133,-0.8251953,1.619141
48,11,942,HipRight,0.4382119,0.003068494,1.659759
48,11,942,KneeRight,0.4338827,-0.3585019,1.679352
48,11,942,AnkleRight,0.3015048,-0.7520992,1.886807
48,11,942,FootRight,0.3412159,-0.7799662,1.799883
48,11,942,SpineShoulder,0.3261654,0.5276126,1.53304
48,11,942,HandTipLeft,0.06066651,-0.148803,1.588405
48,11,942,ThumbLeft,0.04182987,-0.05777026,1.5736
48,11,943,HandTipRight,0.7002122,-0.04094869,1.637111
48,11,943,ThumbRight,0.6753666,0.03862911,1.62226
48,12,043,SpineBase,0.4009648,-0.01889025,1.611866
48,12,043,SpineMid,0.3627419,0.2958872,1.553092
48,12,043,Neck,0.3227963,0.5944645,1.481756
48,12,044,Head,0.4105149,0.6885818,1.470867
48,12,045,ShoulderLeft,0.2351282,0.4327479,1.422544
48,12,045,ElbowLeft,0.1658563,0.1924984,1.445927
48,12,045,WristLeft,0.1632519,-0.0351066,1.455869
48,12,046,HandLeft,0.1688556,-0.1069334,1.469299
48,12,046,ShoulderRight,0.4892734,0.4641338,1.649276
48,12,046,ElbowRight,0.5488977,0.1920443,1.711473
48,12,046,WristRight,0.615535,-0.006255461,1.719398
48,12,046,HandRight,0.635291,-0.03415218,1.71927
48,12,046,HipLeft,0.3353425,-0.02288667,1.559485
48,12,047,KneeLeft,0.3428923,-0.3792507,1.588765
48,12,047,AnkleLeft,0.3402476,-0.75407,1.676433
48,12,047,FootLeft,0.3912178,-0.8249863,1.619663
48,12,047,HipRight,0.4491403,-0.01004889,1.599812
48,12,047,KneeRight,0.4390855,-0.3259564,1.620775
48,12,047,AnkleRight,0.3147302,-0.7063028,1.860099
48,12,047,FootRight,0.355091,-0.782651,1.789241
48,12,048,SpineShoulder,0.3330413,0.5221257,1.50154
48,12,048,HandTipLeft,0.1718558,-0.1763533,1.482595
48,12,048,ThumbLeft,0.1304512,-0.1118267,1.4549
48,12,048,HandTipRight,0.6396343,-0.0755036,1.693549
48,12,048,ThumbRight,0.6341906,-0.01537976,1.66188
48,12,117,SpineBase,0.4196143,-0.01908034,1.579584
48,12,118,SpineMid,0.3714718,0.2944736,1.532592
48,12,118,Neck,0.3249504,0.5927477,1.469894
48,12,118,Head,0.4152426,0.6864151,1.463627
48,12,118,ShoulderLeft,0.2394888,0.4307312,1.411251
48,12,118,ElbowLeft,0.1941338,0.1779873,1.404873
48,12,118,WristLeft,0.2357096,-0.04415676,1.396136
48,12,118,HandLeft,0.2473271,-0.1125653,1.399933
48,12,118,ShoulderRight,0.4915792,0.4617861,1.637294
48,12,118,ElbowRight,0.550268,0.1894769,1.706242
48,12,118,WristRight,0.5841079,-0.06040151,1.740948
48,12,118,HandRight,0.5803121,-0.06819575,1.74657
48,12,119,HipLeft,0.3546114,-0.03006668,1.516931
48,12,119,KneeLeft,0.3426564,-0.3791061,1.585044
48,12,119,AnkleLeft,0.3393366,-0.753926,1.677006
48,12,119,FootLeft,0.3913803,-0.8248765,1.619692
48,12,119,HipRight,0.4682482,-0.007505195,1.567823
48,12,119,KneeRight,0.4532968,-0.2913265,1.654468
48,12,119,AnkleRight,0.3175205,-0.6991096,1.8492
48,12,119,FootRight,0.4013558,-0.7545955,1.823564
48,12,119,SpineShoulder,0.3365611,0.5204111,1.487842
48,12,119,HandTipLeft,0.2581768,-0.1824194,1.411017
48,12,119,ThumbLeft,0.2028321,-0.1254135,1.366
48,12,119,HandTipRight,0.557099,-0.09815941,1.728603
48,12,119,ThumbRight,0.5427202,-0.06051928,1.68275
48,12,177,SpineBase,0.4180385,-0.01950707,1.578698
48,12,178,SpineMid,0.3716119,0.2933856,1.527088
48,12,178,Neck,0.3277175,0.5903574,1.457013
48,12,178,Head,0.4203687,0.6841155,1.456424
48,12,179,ShoulderLeft,0.2484371,0.4262151,1.394213
48,12,179,ElbowLeft,0.2209425,0.1754075,1.370234
48,12,180,WristLeft,0.3012815,-0.04744005,1.340243
48,12,180,HandLeft,0.3244332,-0.1057523,1.342743
48,12,180,ShoulderRight,0.4943997,0.4590538,1.624469
48,12,180,ElbowRight,0.5530365,0.1855387,1.695318
48,12,180,WristRight,0.5849184,-0.06119596,1.737567
48,12,180,HandRight,0.5403688,-0.1146245,1.755306
48,12,180,HipLeft,0.3537877,-0.0298456,1.51622
48,12,180,KneeLeft,0.3389044,-0.3683132,1.576802
48,12,180,AnkleLeft,0.3388617,-0.7543468,1.677281
48,12,181,FootLeft,0.3914695,-0.8248236,1.619666
48,12,181,HipRight,0.4646716,-0.009021778,1.567674
48,12,181,KneeRight,0.4560915,-0.3302867,1.627571
48,12,181,AnkleRight,0.3066846,-0.7201246,1.850006
48,12,181,FootRight,0.4011691,-0.7621016,1.823497
48,12,181,SpineShoulder,0.3386975,0.5183755,1.476838
48,12,181,HandTipLeft,0.3555543,-0.1753804,1.350934
48,12,181,ThumbLeft,0.3341798,-0.1178012,1.293313
48,12,181,HandTipRight,0.5173668,-0.1443329,1.737267
48,12,181,ThumbRight,0.5032739,-0.1063551,1.691339
48,12,282,SpineBase,0.4166527,-0.01840414,1.571026
48,12,282,SpineMid,0.3737297,0.2929704,1.513015
48,12,282,Neck,0.3315968,0.5880258,1.441068
48,12,282,Head,0.4279123,0.6810027,1.448079
48,12,283,ShoulderLeft,0.2607155,0.4178946,1.372875
48,12,283,ElbowLeft,0.2524043,0.1742016,1.328444
48,12,283,WristLeft,0.3708175,-0.03765339,1.27251
48,12,283,HandLeft,0.4029582,-0.0860684,1.254296
48,12,283,ShoulderRight,0.4982948,0.4564995,1.608582
48,12,283,ElbowRight,0.5571306,0.1816594,1.679863
48,12,283,WristRight,0.5881547,-0.06335946,1.724593
48,12,283,HandRight,0.5435894,-0.1168068,1.74234
48,12,283,HipLeft,0.3526412,-0.02962952,1.510366
48,12,283,KneeLeft,0.338088,-0.3661306,1.57226
48,12,283,AnkleLeft,0.3374287,-0.7528893,1.677501
48,12,284,FootLeft,0.3904327,-0.8235337,1.622554
48,12,284,HipRight,0.4627518,-0.006845641,1.560383
48,12,284,KneeRight,0.470719,-0.3016915,1.691278
48,12,284,AnkleRight,0.2912058,-0.7408541,1.768864
48,12,284,FootRight,0.3908026,-0.7716754,1.758838
48,12,284,SpineShoulder,0.3423509,0.5165189,1.461017
48,12,284,HandTipLeft,0.4545811,-0.1381126,1.270808
48,12,284,ThumbLeft,0.4179914,-0.04008433,1.254812
48,12,284,HandTipRight,0.5205491,-0.1465005,1.724309
48,12,284,ThumbRight,0.5064075,-0.1084997,1.67839
48,12,372,SpineBase,0.4195535,-0.01744465,1.566062
48,12,372,SpineMid,0.3777266,0.2928721,1.504495
48,12,372,Neck,0.3350507,0.5867501,1.429443
48,12,372,Head,0.4341056,0.6779411,1.441844
48,12,372,ShoulderLeft,0.2685605,0.4129218,1.361477
48,12,372,ElbowLeft,0.2572795,0.1753808,1.31655
48,12,372,WristLeft,0.3964697,-0.02638486,1.24704
48,12,372,HandLeft,0.4353736,-0.06812166,1.224476
48,12,372,ShoulderRight,0.5017458,0.4551129,1.596982
48,12,372,ElbowRight,0.5607525,0.1791937,1.668623
48,12,372,WristRight,0.5916275,-0.06484666,1.712802
48,12,372,HandRight,0.5470624,-0.1182939,1.730552
48,12,372,HipLeft,0.3546709,-0.03036555,1.507696
48,12,372,KneeLeft,0.3371624,-0.363907,1.568031
48,12,372,AnkleLeft,0.3363654,-0.7516759,1.677306
48,12,372,FootLeft,0.3904007,-0.823608,1.621973
48,12,372,HipRight,0.4661527,-0.003089098,1.552754
48,12,372,KneeRight,0.4705191,-0.3011448,1.68996
48,12,372,AnkleRight,0.2917492,-0.7420192,1.769199
48,12,372,FootRight,0.3822347,-0.7673819,1.793303
48,12,372,SpineShoulder,0.3460255,0.5155643,1.450241
48,12,372,HandTipLeft,0.4863251,-0.1170898,1.237647
48,12,372,ThumbLeft,0.4450482,-0.02345077,1.217533
48,12,372,HandTipRight,0.5239847,-0.147977,1.71253
48,12,372,ThumbRight,0.509795,-0.1099589,1.666624
48,12,475,SpineBase,0.4192345,-0.02305909,1.556506
48,12,475,SpineMid,0.379374,0.2896416,1.496224
48,12,475,Neck,0.3377096,0.5856969,1.42258
48,12,475,Head,0.4378284,0.6758754,1.43872
48,12,475,ShoulderLeft,0.2746948,0.4105814,1.353548
48,12,475,ElbowLeft,0.2593656,0.1747137,1.311925
48,12,475,WristLeft,0.392354,-0.03131613,1.250362
48,12,475,HandLeft,0.419121,-0.08567688,1.237017
48,12,475,ShoulderRight,0.5043971,0.454003,1.590127
48,12,475,ElbowRight,0.5635685,0.1771443,1.662073
48,12,475,WristRight,0.5942249,-0.0659967,1.705962
48,12,475,HandRight,0.5496659,-0.1194353,1.723704
48,12,475,HipLeft,0.3550578,-0.03359781,1.504189
48,12,475,KneeLeft,0.3352024,-0.3669682,1.565913
48,12,475,AnkleLeft,0.3362499,-0.7515827,1.6772
48,12,475,FootLeft,0.3902827,-0.8238518,1.62161
48,12,475,HipRight,0.464,-0.01153605,1.535396
48,12,475,KneeRight,0.4688386,-0.3088192,1.689717
48,12,475,AnkleRight,0.2932228,-0.7519811,1.772159
48,12,475,FootRight,0.3873812,-0.772028,1.796494
48,12,475,SpineShoulder,0.348475,0.5140121,1.443044
48,12,475,HandTipLeft,0.4696636,-0.1389244,1.248643
48,12,476,ThumbLeft,0.4612209,-0.03796944,1.29025
48,12,476,HandTipRight,0.5265622,-0.1491105,1.705685
48,12,476,ThumbRight,0.5123392,-0.11108,1.659783
48,12,542,SpineBase,0.4057983,-0.02441846,1.546558
48,12,542,SpineMid,0.3765754,0.2892897,1.49104
48,12,542,Neck,0.3393969,0.5859259,1.419367
48,12,543,Head,0.4402758,0.6741818,1.43643
48,12,543,ShoulderLeft,0.2766493,0.4102696,1.349476
48,12,543,ElbowLeft,0.260528,0.1709716,1.309897
48,12,543,WristLeft,0.3620827,-0.06405409,1.283318
48,12,543,HandLeft,0.3843337,-0.1128906,1.268088
48,12,543,ShoulderRight,0.5060772,0.4542025,1.586922
48,12,543,ElbowRight,0.5654353,0.1764169,1.659166
48,12,543,WristRight,0.5958714,-0.06582865,1.702766
48,12,543,HandRight,0.5513188,-0.1192599,1.720511
48,12,543,HipLeft,0.3465274,-0.03535347,1.49845
48,12,543,KneeLeft,0.3342381,-0.3657916,1.563119
48,12,543,AnkleLeft,0.335513,-0.750959,1.67696
48,12,543,FootLeft,0.3902978,-0.8237819,1.621544
48,12,543,HipRight,0.4465485,-0.01199782,1.523002
48,12,544,KneeRight,0.4403811,-0.3472965,1.67279
48,12,544,AnkleRight,0.2661269,-0.791232,1.759477
48,12,544,FootRight,0.367493,-0.7823887,1.785961
48,12,544,SpineShoulder,0.3492026,0.5141055,1.439679
48,12,544,HandTipLeft,0.4256552,-0.1694179,1.277179
48,12,544,ThumbLeft,0.3565969,-0.1163401,1.345929
48,12,544,HandTipRight,0.5282001,-0.1489354,1.702493
48,12,544,ThumbRight,0.5139577,-0.1109041,1.656591
48,12,645,SpineBase,0.3933095,-0.03054298,1.541323
48,12,645,SpineMid,0.372654,0.2869986,1.486109
48,12,646,Neck,0.341503,0.5858346,1.415228
48,12,646,Head,0.440557,0.6755543,1.433849
48,12,647,ShoulderLeft,0.2779848,0.4093735,1.345095
48,12,647,ElbowLeft,0.2600875,0.1343945,1.316671
48,12,647,WristLeft,0.3075965,-0.1417478,1.307906
48,12,647,HandLeft,0.3115605,-0.1526467,1.321576
48,12,647,ShoulderRight,0.5081747,0.4540777,1.582789
48,12,647,ElbowRight,0.5678507,0.174769,1.65552
48,12,647,WristRight,0.4049119,0.04866443,1.434996
48,12,647,HandRight,0.3046093,-0.08919841,1.308105
48,12,647,HipLeft,0.3351743,-0.03845507,1.49255
48,12,647,KneeLeft,0.3338015,-0.3666463,1.562071
48,12,647,AnkleLeft,0.334219,-0.7497083,1.676089
48,12,648,FootLeft,0.3904262,-0.8242353,1.620396
48,12,648,HipRight,0.4330061,-0.02158265,1.518995
48,12,648,KneeRight,0.4519267,-0.2912417,1.625932
48,12,648,AnkleRight,0.2763375,-0.7372231,1.712129
48,12,648,FootRight,0.359936,-0.7578214,1.75629
48,12,648,SpineShoulder,0.3499224,0.5135881,1.435635
48,12,648,HandTipLeft,0.3507198,-0.202305,1.363001
48,12,648,ThumbLeft,0.2810193,-0.1817372,1.342815
48,12,648,HandTipRight,0.3025136,-0.1345417,1.295346
48,12,648,ThumbRight,0.2873105,-0.03188777,1.276334
48,12,756,SpineBase,0.3947881,-0.04052612,1.535014
48,12,757,SpineMid,0.37325,0.2831556,1.481802
48,12,757,Neck,0.3434254,0.5859239,1.412962
48,12,757,Head,0.4423685,0.6777254,1.432979
48,12,757,ShoulderLeft,0.2785702,0.4093326,1.343078
48,12,757,ElbowLeft,0.2514969,0.1352726,1.321567
48,12,757,WristLeft,0.262511,-0.08392925,1.329249
48,12,757,HandLeft,0.2480838,-0.1474231,1.345847
48,12,757,ShoulderRight,0.5100892,0.454141,1.580521
48,12,757,ElbowRight,0.4015986,0.2308543,1.476941
48,12,757,WristRight,0.2815962,0.0109668,1.358544
48,12,757,HandRight,0.2487893,-0.07023322,1.330775
48,12,757,HipLeft,0.3370345,-0.0553566,1.463172
48,12,758,KneeLeft,0.3334991,-0.3720535,1.560998
48,12,758,AnkleLeft,0.3341652,-0.7497848,1.676101
48,12,758,FootLeft,0.3906239,-0.8245234,1.619783
48,12,758,HipRight,0.434703,-0.03028003,1.523237
48,12,758,KneeRight,0.4524371,-0.2966591,1.629215
48,12,758,AnkleRight,0.2764073,-0.7437305,1.715637
48,12,758,FootRight,0.364843,-0.7619951,1.758901
48,12,758,SpineShoulder,0.3515141,0.5129142,1.432846
48,12,758,HandTipLeft,0.2509453,-0.2018108,1.35746
48,12,758,ThumbLeft,0.2134679,-0.1554976,1.354694
48,12,758,HandTipRight,0.2297729,-0.1494356,1.330903
48,12,758,ThumbRight,0.2290474,-0.000829196,1.312536
48,12,853,SpineBase,0.3951653,-0.06500126,1.527764
48,12,853,SpineMid,0.3740719,0.274137,1.477464
48,12,853,Neck,0.3452436,0.5855783,1.411507
48,12,853,Head,0.4490218,0.67294,1.432338
48,12,854,ShoulderLeft,0.2785001,0.4093251,1.342857
48,12,854,ElbowLeft,0.2278019,0.1309414,1.332482
48,12,854,WristLeft,0.2318018,-0.0889216,1.346941
48,12,854,HandLeft,0.2248247,-0.1310407,1.353166
48,12,854,ShoulderRight,0.5119026,0.4537677,1.579056
48,12,854,ElbowRight,0.3960172,0.2229345,1.502147
48,12,854,WristRight,0.2536143,0.01429501,1.391722
48,12,854,HandRight,0.2229133,-0.0769098,1.35489
48,12,854,HipLeft,0.3283732,-0.07069185,1.467793
48,12,854,KneeLeft,0.3335888,-0.3720843,1.560563
48,12,854,AnkleLeft,0.3340188,-0.7499741,1.676132
48,12,854,FootLeft,0.3909667,-0.8246251,1.619641
48,12,854,HipRight,0.4471131,-0.06027159,1.510156
48,12,854,KneeRight,0.4481055,-0.2893963,1.673265
48,12,854,AnkleRight,0.2718663,-0.7375392,1.759912
48,12,854,FootRight,0.3722575,-0.7627168,1.783314
48,12,855,SpineShoulder,0.3531633,0.5112796,1.430811
48,12,855,HandTipLeft,0.2336051,-0.1999355,1.374992
48,12,855,ThumbLeft,0.1901515,-0.1187715,1.363
48,12,855,HandTipRight,0.2009872,-0.1459664,1.348765
48,12,855,ThumbRight,0.2145633,-0.02062769,1.317695
48,12,938,SpineBase,0.3931901,-0.07262725,1.526041
48,12,938,SpineMid,0.3737961,0.2686385,1.475544
48,12,938,Neck,0.3467453,0.5850191,1.410618
48,12,938,Head,0.4496738,0.6737128,1.431862
48,12,939,ShoulderLeft,0.2782643,0.4091901,1.342726
48,12,939,ElbowLeft,0.2183831,0.134612,1.33672
48,12,939,WristLeft,0.2289645,-0.0856183,1.345602
48,12,939,HandLeft,0.2180773,-0.1292636,1.349564
48,12,939,ShoulderRight,0.5133939,0.4532048,1.578165
48,12,939,ElbowRight,0.3969468,0.2227475,1.50091
48,12,939,WristRight,0.253879,0.01432258,1.390979
48,12,939,HandRight,0.2165581,-0.07932661,1.354615
48,12,939,HipLeft,0.3267331,-0.07404378,1.468526
48,12,940,KneeLeft,0.333626,-0.3720335,1.559927
48,12,940,AnkleLeft,0.3339173,-0.7499585,1.676052
48,12,940,FootLeft,0.3911415,-0.8247405,1.619458
48,12,940,HipRight,0.4437371,-0.07022619,1.508012
48,12,940,KneeRight,0.4366301,-0.3206592,1.645454
48,12,940,AnkleRight,0.259973,-0.7695326,1.73219
48,12,940,FootRight,0.3353001,-0.776561,1.795628
48,12,940,SpineShoulder,0.3543426,0.5096911,1.429572
48,12,940,HandTipLeft,0.2296228,-0.1995812,1.369748
48,12,940,ThumbLeft,0.1783815,-0.1487219,1.349259
48,12,940,HandTipRight,0.1942306,-0.1456609,1.346467
48,12,940,ThumbRight,0.2128674,-0.02575201,1.313058
48,13,016,SpineBase,0.3951256,-0.07306883,1.52552
48,13,016,SpineMid,0.3749017,0.2673779,1.47473
48,13,016,Neck,0.347848,0.5844396,1.409801
48,13,016,Head,0.4501445,0.6741669,1.431573
48,13,016,ShoulderLeft,0.277917,0.4090738,1.342676
48,13,016,ElbowLeft,0.2162412,0.1356647,1.337835
48,13,016,WristLeft,0.2285969,-0.08467217,1.344489
48,13,016,HandLeft,0.2236482,-0.1299136,1.345285
48,13,016,ShoulderRight,0.5144889,0.4526223,1.577346
48,13,016,ElbowRight,0.3967178,0.2240303,1.496122
48,13,016,WristRight,0.2532436,0.01566317,1.386916
48,13,016,HandRight,0.2179721,-0.07513353,1.34379
48,13,016,HipLeft,0.3271824,-0.07485166,1.469117
48,13,016,KneeLeft,0.3335959,-0.3720871,1.559734
48,13,016,AnkleLeft,0.3337643,-0.7500273,1.676022
48,13,016,FootLeft,0.3916366,-0.8250208,1.618556
48,13,016,HipRight,0.4476803,-0.06924235,1.506755
48,13,016,KneeRight,0.4444217,-0.3175307,1.646941
48,13,016,AnkleRight,0.2673458,-0.7673871,1.733923
48,13,016,FootRight,0.3635831,-0.7712559,1.775601
48,13,016,SpineShoulder,0.355472,0.5086326,1.428542
48,13,016,HandTipLeft,0.2346602,-0.2000341,1.367793
48,13,016,ThumbLeft,0.1926878,-0.1555897,1.333119
48,13,017,HandTipRight,0.1997362,-0.1445925,1.340853
48,13,017,ThumbRight,0.213952,-0.01837441,1.310647
