49,09,936,SpineBase,-0.5975197,0.2559794,2.613126
49,09,936,SpineMid,-0.6173363,0.5462489,2.528115
49,09,936,Neck,-0.6335738,0.8267914,2.432444
49,09,936,Head,-0.5809786,0.9515721,2.420702
49,09,936,ShoulderLeft,-0.7292814,0.6839194,2.364806
49,09,936,ElbowLeft,-0.7877612,0.4676558,2.358827
49,09,936,WristLeft,-0.7302307,0.2414679,2.349927
49,09,936,HandLeft,-0.7004769,0.1632709,2.359593
49,09,936,ShoulderRight,-0.5266794,0.743723,2.590585
49,09,936,ElbowRight,-0.5102475,0.6135825,2.703521
49,09,936,WristRight,-0.5609401,0.3889043,2.663162
49,09,936,HandRight,-0.5714585,0.3676804,2.748676
49,09,936,HipLeft,-0.6357511,0.2387869,2.542752
49,09,936,KneeLeft,-0.7239043,-0.1023502,2.607446
49,09,936,AnkleLeft,-0.8832827,-0.4001448,2.863259
49,09,936,FootLeft,-0.9047876,-0.4848649,2.849399
49,09,936,HipRight,-0.5433783,0.2663342,2.613766
49,09,936,KneeRight,-0.5493734,-0.09319727,2.690241
49,09,936,AnkleRight,-0.557658,-0.4392546,2.750717
49,09,936,FootRight,-0.5265736,-0.5256253,2.697969
49,09,936,SpineShoulder,-0.6301331,0.7581142,2.45834
49,09,936,HandTipLeft,-0.6865884,0.1008777,2.36025
49,09,936,ThumbLeft,-0.7064115,0.1384896,2.304724
49,09,936,HandTipRight,-0.5694258,0.3663725,2.738899
49,09,936,ThumbRight,-0.5667744,0.3646666,2.726146
49,10,036,SpineBase,-0.5578159,0.2524184,2.573708
49,10,036,SpineMid,-0.5729308,0.5408408,2.493703
49,10,036,Neck,-0.5847778,0.8194879,2.403032
49,10,036,Head,-0.5269762,0.9448878,2.388211
49,10,037,ShoulderLeft,-0.6845642,0.6825699,2.335396
49,10,037,ElbowLeft,-0.7537229,0.4622304,2.339791
49,10,037,WristLeft,-0.7186467,0.2321125,2.344615
49,10,037,HandLeft,-0.6948988,0.1527258,2.338938
49,10,037,ShoulderRight,-0.4739826,0.7363659,2.565082
49,10,037,ElbowRight,-0.4658323,0.5968785,2.658508
49,10,037,WristRight,-0.4412291,0.5851883,2.828984
49,10,037,HandRight,-0.4375198,0.598954,2.843989
49,10,037,HipLeft,-0.5972458,0.2368626,2.505402
49,10,037,KneeLeft,-0.6471689,-0.1332114,2.544935
49,10,037,AnkleLeft,-0.7818331,-0.4200747,2.767551
49,10,037,FootLeft,-0.7830257,-0.510416,2.741418
49,10,037,HipRight,-0.5033512,0.2611499,2.572489
49,10,037,KneeRight,-0.5291555,-0.1048775,2.69005
49,10,037,AnkleRight,-0.5571168,-0.4399833,2.749961
49,10,037,FootRight,-0.5265727,-0.526027,2.697942
49,10,037,SpineShoulder,-0.5823834,0.7512882,2.427677
49,10,037,HandTipLeft,-0.6840628,0.08679004,2.347161
49,10,037,ThumbLeft,-0.7066301,0.1380429,2.305718
49,10,037,HandTipRight,-0.4735505,0.5808635,2.858638
49,10,037,ThumbRight,-0.4853082,0.5444084,2.789337
49,10,132,SpineBase,-0.5252799,0.2408853,2.550465
49,10,132,SpineMid,-0.5337725,0.5329238,2.465977
49,10,132,Neck,-0.5410553,0.8158294,2.37205
49,10,132,Head,-0.4833367,0.9335158,2.350624
49,10,132,ShoulderLeft,-0.644324,0.6818396,2.308919
49,10,132,ElbowLeft,-0.7322328,0.4589342,2.331615
49,10,132,WristLeft,-0.7149742,0.2138477,2.346337
49,10,133,HandLeft,-0.7072772,0.151623,2.353744
49,10,133,ShoulderRight,-0.4285958,0.7237068,2.528242
49,10,133,ElbowRight,-0.4181871,0.5277417,2.649095
49,10,133,WristRight,-0.3497778,0.6053569,2.784093
49,10,133,HandRight,-0.3922192,0.573891,2.804466
49,10,133,HipLeft,-0.569621,0.2282989,2.485454
49,10,133,KneeLeft,-0.5530643,-0.1556737,2.48481
49,10,133,AnkleLeft,-0.6225716,-0.4670523,2.668305
49,10,133,FootLeft,-0.6052759,-0.5533773,2.610255
49,10,133,HipRight,-0.4661969,0.2465192,2.54528
49,10,133,KneeRight,-0.4796264,-0.1257436,2.680543
49,10,133,AnkleRight,-0.573041,-0.4687169,2.711438
49,10,133,FootRight,-0.5598088,-0.5545281,2.650243
49,10,133,SpineShoulder,-0.5395672,0.7465615,2.397379
49,10,133,HandTipLeft,-0.7057218,0.08024871,2.362547
49,10,134,ThumbLeft,-0.7344899,0.1461116,2.3256
49,10,134,HandTipRight,-0.3870482,0.5756973,2.794716
49,10,134,ThumbRight,-0.3893708,0.565933,2.784
49,10,238,SpineBase,-0.4825396,0.2305681,2.515101
49,10,238,SpineMid,-0.4938945,0.5209208,2.428553
49,10,238,Neck,-0.5023193,0.8012117,2.331161
49,10,238,Head,-0.4424196,0.9195588,2.307832
49,10,238,ShoulderLeft,-0.6067277,0.6690968,2.277225
49,10,238,ElbowLeft,-0.7071185,0.4383634,2.323781
49,10,238,WristLeft,-0.720323,0.2061328,2.348755
49,10,239,HandLeft,-0.738132,0.1493672,2.364182
49,10,239,ShoulderRight,-0.3801436,0.7049845,2.501076
49,10,239,ElbowRight,-0.3613551,0.4753066,2.616127
49,10,239,WristRight,-0.3330768,0.2929501,2.763085
49,10,239,HandRight,-0.3430654,0.2087625,2.701455
49,10,239,HipLeft,-0.5261943,0.2192332,2.445531
49,10,239,KneeLeft,-0.4886622,-0.1644632,2.426392
49,10,239,AnkleLeft,-0.4929086,-0.5136939,2.517991
49,10,239,FootLeft,-0.447998,-0.5942383,2.455078
49,10,239,HipRight,-0.4254762,0.2354735,2.514575
49,10,239,KneeRight,-0.425135,-0.06022331,2.635787
49,10,239,AnkleRight,-0.492286,-0.4084663,2.698054
49,10,239,FootRight,-0.4689349,-0.4902826,2.567585
49,10,239,SpineShoulder,-0.5007197,0.7326469,2.357502
49,10,239,HandTipLeft,-0.7486717,0.07909124,2.381936
49,10,239,ThumbLeft,-0.7597958,0.1578094,2.3395
49,10,239,HandTipRight,-0.3304791,0.1361617,2.822996
49,10,239,ThumbRight,-0.3387937,0.1726634,2.664191
49,10,334,SpineBase,-0.4465263,0.2294204,2.457755
49,10,334,SpineMid,-0.4571241,0.5099083,2.378239
49,10,334,Neck,-0.4649886,0.7804809,2.287944
49,10,335,Head,-0.404916,0.8989903,2.261399
49,10,335,ShoulderLeft,-0.5694847,0.6488432,2.236013
49,10,335,ElbowLeft,-0.6766797,0.4218102,2.286642
49,10,335,WristLeft,-0.7226076,0.2053604,2.347562
49,10,335,HandLeft,-0.7429228,0.1464728,2.361232
49,10,335,ShoulderRight,-0.3441322,0.6882644,2.448048
49,10,335,ElbowRight,-0.3043334,0.4487588,2.559549
49,10,335,WristRight,-0.2420537,0.2644341,2.599039
49,10,335,HandRight,-0.2156248,0.1841364,2.607902
49,10,335,HipLeft,-0.4920587,0.2169531,2.389376
49,10,335,KneeLeft,-0.4322731,-0.2109105,2.387084
49,10,335,AnkleLeft,-0.3780751,-0.5417343,2.396704
49,10,335,FootLeft,-0.3129883,-0.6132813,2.324219
49,10,335,HipRight,-0.3883745,0.2353785,2.456447
49,10,335,KneeRight,-0.3850095,-0.05377012,2.553096
49,10,335,AnkleRight,-0.5448236,-0.4309515,2.709675
49,10,335,FootRight,-0.4656719,-0.4911198,2.617306
49,10,335,SpineShoulder,-0.4634962,0.7143205,2.312504
49,10,335,HandTipLeft,-0.7550847,0.07673682,2.390518
49,10,335,ThumbLeft,-0.7633875,0.1455486,2.336267
49,10,335,HandTipRight,-0.2110284,0.1211256,2.640696
49,10,335,ThumbRight,-0.193801,0.1735808,2.592215
49,10,405,SpineBase,-0.4221962,0.2226511,2.409176
49,10,405,SpineMid,-0.4345791,0.5003271,2.33909
49,10,405,Neck,-0.4456461,0.7692057,2.259597
49,10,405,Head,-0.3883102,0.8903968,2.234077
49,10,405,ShoulderLeft,-0.5481136,0.634352,2.208896
49,10,405,ElbowLeft,-0.6529797,0.4127268,2.259703
49,10,405,WristLeft,-0.7132011,0.197635,2.323438
49,10,405,HandLeft,-0.7260108,0.1291889,2.339741
49,10,405,ShoulderRight,-0.3180406,0.6677206,2.420858
49,10,405,ElbowRight,-0.2699687,0.4538246,2.518059
49,10,405,WristRight,-0.1921848,0.2735724,2.557853
49,10,405,HandRight,-0.1495771,0.1867559,2.562288
49,10,405,HipLeft,-0.4681955,0.2115863,2.34199
49,10,405,KneeLeft,-0.4065624,-0.1993757,2.359187
49,10,405,AnkleLeft,-0.3456728,-0.5700135,2.359291
49,10,405,FootLeft,-0.2818187,-0.6306226,2.291054
49,10,405,HipRight,-0.3641004,0.2273114,2.407099
49,10,405,KneeRight,-0.3638329,-0.02786489,2.555057
49,10,405,AnkleRight,-0.5462483,-0.4135506,2.704031
49,10,405,FootRight,-0.4676724,-0.473674,2.610454
49,10,406,SpineShoulder,-0.4433859,0.7034124,2.281646
49,10,406,HandTipLeft,-0.7420218,0.06946328,2.372091
49,10,406,ThumbLeft,-0.7534568,0.1225943,2.324667
49,10,406,HandTipRight,-0.1354754,0.1217785,2.589329
49,10,406,ThumbRight,-0.1304959,0.178159,2.526519
49,10,471,SpineBase,-0.3829759,0.2024723,2.370057
49,10,471,SpineMid,-0.4032179,0.484497,2.299963
49,10,471,Neck,-0.4212655,0.7566714,2.220033
49,10,471,Head,-0.3658125,0.8806121,2.197695
49,10,471,ShoulderLeft,-0.5188793,0.6167622,2.16541
49,10,471,ElbowLeft,-0.6144994,0.3880267,2.218145
49,10,471,WristLeft,-0.6704722,0.1782174,2.27369
49,10,471,HandLeft,-0.6864051,0.107862,2.299837
49,10,471,ShoulderRight,-0.2926632,0.662385,2.383098
49,10,471,ElbowRight,-0.2390827,0.4400508,2.478936
49,10,471,WristRight,-0.146993,0.2636563,2.515629
49,10,471,HandRight,-0.09886264,0.1842632,2.506934
49,10,471,HipLeft,-0.428876,0.189091,2.301943
49,10,471,KneeLeft,-0.3950862,-0.2060945,2.336827
49,10,471,AnkleLeft,-0.342072,-0.5667337,2.356621
49,10,471,FootLeft,-0.2842773,-0.6346264,2.293472
49,10,471,HipRight,-0.3259346,0.2099333,2.368941
49,10,471,KneeRight,-0.3294448,-0.03146841,2.530032
49,10,471,AnkleRight,-0.5358573,-0.4094651,2.694731
49,10,471,FootRight,-0.4552023,-0.4689586,2.602672
49,10,471,SpineShoulder,-0.4169409,0.6899843,2.241519
49,10,471,HandTipLeft,-0.7064604,0.04622043,2.33331
49,10,471,ThumbLeft,-0.7132214,0.1077665,2.280909
49,10,472,HandTipRight,-0.08196154,0.1263288,2.525055
49,10,472,ThumbRight,-0.08876763,0.1855621,2.464605
49,10,566,SpineBase,-0.3403423,0.1998948,2.300688
49,10,567,SpineMid,-0.365485,0.4835916,2.237824
49,10,567,Neck,-0.3879103,0.7568005,2.164289
49,10,567,Head,-0.3361019,0.8785238,2.136922
49,10,567,ShoulderLeft,-0.4809855,0.6106642,2.102844
49,10,567,ElbowLeft,-0.5454239,0.3721279,2.145995
49,10,567,WristLeft,-0.5751162,0.1541371,2.176169
49,10,567,HandLeft,-0.5849856,0.07939491,2.199242
49,10,567,ShoulderRight,-0.253929,0.6545283,2.312799
49,10,567,ElbowRight,-0.1979394,0.4426712,2.416371
49,10,567,WristRight,-0.1180786,0.2574016,2.445021
49,10,567,HandRight,-0.07106115,0.1816001,2.446497
49,10,567,HipLeft,-0.3874975,0.1866305,2.232598
49,10,567,KneeLeft,-0.3653595,-0.1696045,2.277333
49,10,567,AnkleLeft,-0.3370611,-0.5636604,2.352365
49,10,567,FootLeft,-0.2829912,-0.6359643,2.294378
49,10,567,HipRight,-0.2829982,0.2071391,2.299565
49,10,567,KneeRight,-0.3307568,-0.1473348,2.369303
49,10,567,AnkleRight,-0.525259,-0.4392451,2.67171
49,10,567,FootRight,-0.5287165,-0.5218158,2.679128
49,10,567,SpineShoulder,-0.3827555,0.6900369,2.184623
49,10,568,HandTipLeft,-0.5975542,0.01051111,2.221164
49,10,568,ThumbLeft,-0.6104412,0.08042743,2.190473
49,10,568,HandTipRight,-0.05433429,0.1234393,2.45753
49,10,568,ThumbRight,-0.06285582,0.1854212,2.396538
49,10,634,SpineBase,-0.3131042,0.1541049,2.282273
49,10,634,SpineMid,-0.3428096,0.4621926,2.214591
49,10,634,Neck,-0.3671521,0.7537687,2.134609
49,10,634,Head,-0.3177238,0.8780693,2.107146
49,10,634,ShoulderLeft,-0.4518065,0.6015752,2.060257
49,10,634,ElbowLeft,-0.5045769,0.3721069,2.081814
49,10,634,WristLeft,-0.4927578,0.1532312,2.09638
49,10,634,HandLeft,-0.4846479,0.06814813,2.115375
49,10,634,ShoulderRight,-0.2318027,0.6492967,2.28497
49,10,634,ElbowRight,-0.1829543,0.4203378,2.391591
49,10,634,WristRight,-0.1034626,0.234611,2.421744
49,10,634,HandRight,-0.06711017,0.164011,2.409305
49,10,634,HipLeft,-0.3590055,0.1409536,2.215835
49,10,634,KneeLeft,-0.3611374,-0.1882625,2.265922
49,10,634,AnkleLeft,-0.3338445,-0.5574397,2.346191
49,10,634,FootLeft,-0.2841668,-0.6351375,2.29844
49,10,634,HipRight,-0.2576652,0.1625314,2.278846
49,10,634,KneeRight,-0.2466802,-0.1231535,2.438191
49,10,634,AnkleRight,-0.5146665,-0.4333468,2.667361
49,10,634,FootRight,-0.4313669,-0.4917375,2.576957
49,10,634,SpineShoulder,-0.3620163,0.6827776,2.157189
49,10,634,HandTipLeft,-0.4931279,-0.007477189,2.128185
49,10,634,ThumbLeft,-0.509612,0.0468742,2.091429
49,10,634,HandTipRight,-0.05733198,0.1112824,2.422401
49,10,634,ThumbRight,-0.06485888,0.1737351,2.362429
49,10,730,SpineBase,-0.247394,0.1568698,2.248232
49,10,730,SpineMid,-0.2857533,0.4564764,2.168128
49,10,731,Neck,-0.3212742,0.7447947,2.077005
49,10,732,Head,-0.2633689,0.8653641,2.051519
49,10,732,ShoulderLeft,-0.3976059,0.5945322,2.0108
49,10,732,ElbowLeft,-0.4399419,0.366701,1.997118
49,10,732,WristLeft,-0.369404,0.1285259,1.992214
49,10,732,HandLeft,-0.3327488,0.05973733,2.013223
49,10,732,ShoulderRight,-0.2000375,0.6313294,2.219642
49,10,733,ElbowRight,-0.1626397,0.4461752,2.334678
49,10,733,WristRight,-0.110312,0.2182822,2.374358
49,10,733,HandRight,-0.08755817,0.1432429,2.377621
49,10,733,HipLeft,-0.2925464,0.1418375,2.173468
49,10,733,KneeLeft,-0.3519948,-0.2006593,2.248894
49,10,733,AnkleLeft,-0.3327313,-0.5568113,2.344604
49,10,733,FootLeft,-0.2843557,-0.6383583,2.298688
49,10,734,HipRight,-0.194564,0.1669795,2.252624
49,10,734,KneeRight,-0.1936715,-0.1618078,2.37982
49,10,734,AnkleRight,-0.4626725,-0.4756277,2.61128
49,10,734,FootRight,-0.3465774,-0.5411686,2.611806
49,10,734,SpineShoulder,-0.312846,0.6743767,2.101752
49,10,734,HandTipLeft,-0.3221917,-0.01323428,2.018747
49,10,734,ThumbLeft,-0.3964059,0.04263361,2.0405
49,10,734,HandTipRight,-0.08226278,0.07763223,2.3911
49,10,734,ThumbRight,-0.05811789,0.1319021,2.36475
49,10,831,SpineBase,-0.2349131,0.158667,2.223813
49,10,831,SpineMid,-0.2541456,0.4554827,2.1295
49,10,831,Neck,-0.2750956,0.7402756,2.032247
49,10,832,Head,-0.2154663,0.8567258,2.005879
49,10,833,ShoulderLeft,-0.3500685,0.5894573,1.962186
49,10,833,ElbowLeft,-0.3830844,0.3796063,1.932812
49,10,833,WristLeft,-0.2700812,0.1462837,1.892792
49,10,833,HandLeft,-0.2301938,0.07818539,1.868541
49,10,833,ShoulderRight,-0.1692874,0.6481645,2.166878
49,10,833,ElbowRight,-0.135829,0.449376,2.260512
49,10,833,WristRight,-0.1236656,0.2060065,2.18885
49,10,834,HandRight,-0.1199787,0.1462763,2.209353
49,10,834,HipLeft,-0.2770478,0.1445311,2.15151
49,10,834,KneeLeft,-0.3390383,-0.2212557,2.235708
49,10,834,AnkleLeft,-0.330103,-0.5565884,2.344973
49,10,834,FootLeft,-0.2861868,-0.6376093,2.299461
49,10,834,HipRight,-0.1852669,0.1677514,2.224932
49,10,834,KneeRight,-0.1257931,-0.1652747,2.313596
49,10,834,AnkleRight,-0.2232728,-0.5019925,2.471348
49,10,834,FootRight,-0.1655273,-0.5698242,2.474609
49,10,834,SpineShoulder,-0.2701865,0.6707639,2.058484
49,10,834,HandTipLeft,-0.2003027,0.02531354,1.870928
49,10,834,ThumbLeft,-0.2532006,0.05176775,1.870706
49,10,834,HandTipRight,-0.1134934,0.09939987,2.204203
49,10,834,ThumbRight,-0.1011076,0.1310815,2.221286
49,10,941,SpineBase,-0.1967375,0.1527525,2.177142
49,10,941,SpineMid,-0.2102309,0.4469901,2.089863
49,10,941,Neck,-0.2219481,0.7297061,1.991385
49,10,941,Head,-0.1535814,0.844569,1.969032
49,10,941,ShoulderLeft,-0.2969221,0.5803136,1.922351
49,10,941,ElbowLeft,-0.3285388,0.3797161,1.878688
49,10,941,WristLeft,-0.1900068,0.1529203,1.815758
49,10,941,HandLeft,-0.1436233,0.08759356,1.796634
49,10,941,ShoulderRight,-0.129014,0.6415699,2.11223
49,10,941,ElbowRight,-0.09583749,0.442613,2.205874
49,10,941,WristRight,-0.08384554,0.1991563,2.134205
49,10,941,HandRight,-0.0881358,0.1397559,2.161555
49,10,942,HipLeft,-0.2405347,0.1433537,2.103757
49,10,942,KneeLeft,-0.3172359,-0.2264975,2.222643
49,10,942,AnkleLeft,-0.3251258,-0.5577771,2.346593
49,10,942,FootLeft,-0.2851966,-0.6385133,2.301004
49,10,942,HipRight,-0.1466136,0.1571824,2.179784
49,10,942,KneeRight,-0.06910264,-0.1764641,2.251163
49,10,942,AnkleRight,-0.05892172,-0.5360236,2.354144
49,10,942,FootRight,0.004047394,-0.6191406,2.332031
49,10,942,SpineShoulder,-0.21931,0.6607372,2.01799
49,10,942,HandTipLeft,-0.1075585,0.04207021,1.797583
49,10,942,ThumbLeft,-0.1650125,0.05859438,1.7989
49,10,942,HandTipRight,-0.0820709,0.08979571,2.166424
49,10,942,ThumbRight,-0.06534876,0.1264048,2.16975
49,10,996,SpineBase,-0.1749413,0.1428362,2.158075
49,10,996,SpineMid,-0.1832491,0.4366861,2.07054
49,10,997,Neck,-0.1893238,0.7188766,1.971686
49,10,997,Head,-0.1138649,0.8318437,1.945776
49,10,997,ShoulderLeft,-0.2660495,0.5682243,1.901972
49,10,997,ElbowLeft,-0.2894778,0.365776,1.854343
49,10,997,WristLeft,-0.1620779,0.146484,1.798271
49,10,997,HandLeft,-0.1103383,0.08087457,1.772586
49,10,997,ShoulderRight,-0.0934395,0.6305825,2.088654
49,10,997,ElbowRight,-0.06053908,0.4316018,2.182261
49,10,997,WristRight,-0.04870949,0.188139,2.110569
49,10,997,HandRight,-0.05374622,0.1323562,2.13562
49,10,997,HipLeft,-0.2197364,0.1355111,2.0833
49,10,997,KneeLeft,-0.3014989,-0.2242603,2.209349
49,10,997,AnkleLeft,-0.3240467,-0.5574576,2.345873
49,10,997,FootLeft,-0.2858354,-0.6375639,2.301406
49,10,997,HipRight,-0.1243314,0.1453893,2.161878
49,10,997,KneeRight,-0.04013875,-0.2131094,2.23375
49,10,998,AnkleRight,0.02014832,-0.5674361,2.289567
49,10,998,FootRight,0.1055298,-0.6342773,2.238281
49,10,998,SpineShoulder,-0.1881198,0.6500545,1.998394
49,10,998,HandTipLeft,-0.07026473,0.03488315,1.764829
49,10,998,ThumbLeft,-0.1288038,0.04719578,1.776478
49,10,998,HandTipRight,-0.04322961,0.07729623,2.147929
49,10,998,ThumbRight,-0.03006871,0.1155083,2.149
49,11,065,SpineBase,-0.1307357,0.1258957,2.125261
49,11,065,SpineMid,-0.1390435,0.4219139,2.042198
49,11,065,Neck,-0.1461557,0.7061682,1.947739
49,11,066,Head,-0.07558659,0.8235891,1.925726
49,11,066,ShoulderLeft,-0.2300339,0.5557995,1.88247
49,11,066,ElbowLeft,-0.2668945,0.3534494,1.848576
49,11,066,WristLeft,-0.1363589,0.1222694,1.793529
49,11,066,HandLeft,-0.09251101,0.05939229,1.770172
49,11,067,ShoulderRight,-0.04631584,0.6134581,2.067544
49,11,067,ElbowRight,-0.01379825,0.4145055,2.161084
49,11,067,WristRight,-0.00219081,0.1710683,2.089354
49,11,067,HandRight,-0.01500017,0.1095444,2.107288
49,11,067,HipLeft,-0.1782822,0.1219591,2.050778
49,11,067,KneeLeft,-0.249761,-0.213974,2.176649
49,11,067,AnkleLeft,-0.3200178,-0.5568107,2.343551
49,11,067,FootLeft,-0.2851782,-0.6375065,2.301313
49,11,067,HipRight,-0.07889511,0.1256246,2.128699
49,11,067,KneeRight,-0.01554137,-0.2359977,2.206488
49,11,067,AnkleRight,0.06748504,-0.5735918,2.23091
49,11,067,FootRight,0.1586356,-0.652547,2.191425
49,11,067,SpineShoulder,-0.1445731,0.6368433,1.973356
49,11,067,HandTipLeft,-0.05371251,0.0084733,1.765369
49,11,067,ThumbLeft,-0.1143055,0.02889575,1.776389
49,11,067,HandTipRight,-0.008584012,0.06024451,2.118396
49,11,067,ThumbRight,0.01389512,0.0853108,2.118867
49,11,169,SpineBase,-0.03833389,0.1099297,2.094633
49,11,169,SpineMid,-0.05961962,0.4063983,2.011898
49,11,169,Neck,-0.07983874,0.6909726,1.917637
49,11,169,Head,-0.004343737,0.8089827,1.893386
49,11,169,ShoulderLeft,-0.1698583,0.53893,1.852635
49,11,169,ElbowLeft,-0.2105665,0.3074544,1.839752
49,11,169,WristLeft,-0.1222124,0.07337692,1.81594
49,11,169,HandLeft,-0.0961351,0.00690717,1.800351
49,11,169,ShoulderRight,0.02355562,0.6121332,2.044115
49,11,169,ElbowRight,0.05548196,0.4130909,2.137653
49,11,169,WristRight,0.06675113,0.169609,2.065921
49,11,169,HandRight,0.06367769,0.08720612,2.061907
49,11,169,HipLeft,-0.08474256,0.09507222,2.025863
49,11,169,KneeLeft,-0.191349,-0.2499762,2.143508
49,11,169,AnkleLeft,-0.3032523,-0.5679064,2.334909
49,11,169,FootLeft,-0.2765824,-0.6490855,2.293633
49,11,169,HipRight,0.0093123,0.1210329,2.092164
49,11,169,KneeRight,0.05219523,-0.2450744,2.167131
49,11,169,AnkleRight,0.08429088,-0.5894669,2.222713
49,11,169,FootRight,0.1492568,-0.6554657,2.180871
49,11,169,SpineShoulder,-0.07494593,0.6215855,1.943215
49,11,169,HandTipLeft,-0.06784379,-0.05291516,1.810336
49,11,169,ThumbLeft,-0.1114273,-0.02773074,1.819889
49,11,169,HandTipRight,0.08070387,0.01072012,2.074578
49,11,170,ThumbRight,0.08678091,0.09183052,2.06375
49,11,263,SpineBase,0.04471747,0.1068787,2.053515
49,11,263,SpineMid,0.01356028,0.4075307,1.973767
49,11,263,Neck,-0.01671769,0.6958584,1.882438
49,11,263,Head,0.058817,0.8096936,1.860979
49,11,263,ShoulderLeft,-0.1129631,0.542725,1.821467
49,11,264,ElbowLeft,-0.1785286,0.3022909,1.843005
49,11,264,WristLeft,-0.1457698,0.06992871,1.855194
49,11,264,HandLeft,-0.1385115,0.001689465,1.866162
49,11,264,ShoulderRight,0.09544928,0.6068696,2.011883
49,11,264,ElbowRight,0.1267499,0.4077338,2.105425
49,11,264,WristRight,0.1376618,0.1642065,2.033691
49,11,264,HandRight,0.1379199,0.08246381,2.027568
49,11,264,HipLeft,-0.003569778,0.09853623,1.984081
49,11,264,KneeLeft,-0.0934705,-0.2298987,2.049982
49,11,264,AnkleLeft,-0.2631606,-0.5441626,2.281717
49,11,264,FootLeft,-0.2590329,-0.6265011,2.261235
49,11,264,HipRight,0.09137906,0.1115012,2.051615
49,11,264,KneeRight,0.1038016,-0.237546,2.135918
49,11,264,AnkleRight,0.09262057,-0.5901341,2.218715
49,11,264,FootRight,0.1452035,-0.6554075,2.17874
49,11,264,SpineShoulder,-0.009269247,0.6255875,1.907276
49,11,264,HandTipLeft,-0.1424631,-0.07475049,1.878569
49,11,264,ThumbLeft,-0.1744626,-0.03035107,1.864187
49,11,265,HandTipRight,0.1515218,0.004500075,2.04293
49,11,265,ThumbRight,0.1593788,0.0927521,2.027364
49,11,367,SpineBase,0.09472843,0.1010006,2.030693
49,11,367,SpineMid,0.06689651,0.4007616,1.948729
49,11,367,Neck,0.03945529,0.6881253,1.855121
49,11,367,Head,0.1154988,0.8064575,1.831965
49,11,367,ShoulderLeft,-0.06598247,0.5358956,1.802056
49,11,367,ElbowLeft,-0.1542314,0.2883992,1.855013
49,11,367,WristLeft,-0.1643379,0.08544927,1.881366
49,11,367,HandLeft,-0.1786212,0.005838262,1.911051
49,11,367,ShoulderRight,0.1684022,0.5794539,1.999291
49,11,367,ElbowRight,0.2226297,0.4401024,2.114536
49,11,367,WristRight,0.2467456,0.175147,2.132411
49,11,367,HandRight,0.2621652,0.05785495,2.16649
49,11,367,HipLeft,0.04280542,0.09452,1.9593
49,11,367,KneeLeft,-0.00654328,-0.2382613,1.964093
49,11,367,AnkleLeft,-0.1730548,-0.5583371,2.20558
49,11,367,FootLeft,-0.1794434,-0.6425781,2.185547
49,11,367,HipRight,0.1432389,0.1039269,2.030723
49,11,367,KneeRight,0.1488848,-0.2715619,2.102607
49,11,367,AnkleRight,0.1010053,-0.5940683,2.210171
49,11,367,FootRight,0.1482836,-0.6611205,2.177754
49,11,368,SpineShoulder,0.04627293,0.6181108,1.880533
49,11,368,HandTipLeft,-0.1881094,-0.0670409,1.940392
49,11,368,ThumbLeft,-0.2138887,0.0273126,1.915857
49,11,368,HandTipRight,0.2604089,0.005560661,2.173983
49,11,368,ThumbRight,0.2537286,0.03194153,2.175429
49,11,462,SpineBase,0.1365459,0.1064137,1.985956
49,11,462,SpineMid,0.1094981,0.4001178,1.912113
49,11,462,Neck,0.08252871,0.6813651,1.826703
49,11,462,Head,0.1608549,0.795322,1.79749
49,11,462,ShoulderLeft,-0.03580537,0.5347918,1.786056
49,11,462,ElbowLeft,-0.1303431,0.3001176,1.849741
49,11,462,WristLeft,-0.1651593,0.0871531,1.887163
49,11,462,HandLeft,-0.1778118,0.01694494,1.920004
49,11,462,ShoulderRight,0.2246443,0.5830234,1.98248
49,11,462,ElbowRight,0.281746,0.336854,2.067296
49,11,462,WristRight,0.3618587,0.1572524,2.084676
49,11,462,HandRight,0.4068187,0.08584009,2.08704
49,11,462,HipLeft,0.08110363,0.09940142,1.9164
49,11,462,KneeLeft,0.0652195,-0.2966456,1.917941
49,11,462,AnkleLeft,-0.03839076,-0.6132598,2.105724
49,11,462,FootLeft,-0.007424407,-0.6873705,2.05408
49,11,462,HipRight,0.1870007,0.1096033,1.98428
49,11,462,KneeRight,0.1734934,-0.2498105,2.023465
49,11,462,AnkleRight,0.1066034,-0.6140339,2.200371
49,11,462,FootRight,0.1499265,-0.6837749,2.169458
49,11,462,SpineShoulder,0.08928213,0.6128767,1.850058
49,11,462,HandTipLeft,-0.1925501,-0.05001999,1.947752
49,11,462,ThumbLeft,-0.2081291,0.038724,1.921304
49,11,462,HandTipRight,0.4284515,0.02655885,2.090231
49,11,462,ThumbRight,0.3827389,0.0785857,2.082813
49,11,533,SpineBase,0.1578936,0.1012769,1.972105
49,11,533,SpineMid,0.1272124,0.3962137,1.90002
49,11,533,Neck,0.09689195,0.6784798,1.816219
49,11,534,Head,0.1745747,0.7881548,1.782579
49,11,534,ShoulderLeft,-0.01484246,0.5325693,1.770952
49,11,534,ElbowLeft,-0.1126157,0.298667,1.840554
49,11,534,WristLeft,-0.1569596,0.08844437,1.886402
49,11,534,HandLeft,-0.1563845,0.01174994,1.90862
49,11,534,ShoulderRight,0.2592321,0.5648456,1.96551
49,11,534,ElbowRight,0.3252562,0.3386637,2.032975
49,11,534,WristRight,0.4312995,0.1671378,2.028367
49,11,534,HandRight,0.4768126,0.09773472,2.028659
49,11,534,HipLeft,0.09933598,0.09361039,1.905033
49,11,534,KneeLeft,0.1191168,-0.2995437,1.875839
49,11,534,AnkleLeft,0.06670847,-0.6557908,2.01652
49,11,534,FootLeft,0.08746338,-0.7285156,1.946289
49,11,534,HipRight,0.2109418,0.1054223,1.967728
49,11,534,KneeRight,0.2375222,-0.2196643,2.038045
49,11,534,AnkleRight,0.1672449,-0.6089746,2.176043
49,11,534,FootRight,0.1466064,-0.6987305,2.087891
49,11,534,SpineShoulder,0.1044619,0.6097578,1.839183
49,11,534,HandTipLeft,-0.1684994,-0.05192176,1.931513
49,11,534,ThumbLeft,-0.1893815,0.01987004,1.91635
49,11,534,HandTipRight,0.5045169,0.03997228,2.024586
49,11,534,ThumbRight,0.4588225,0.07834548,2.035933
49,11,596,SpineBase,0.1847971,0.08955835,1.931864
49,11,596,SpineMid,0.1568548,0.3842482,1.866457
49,11,596,Neck,0.1288769,0.6661103,1.788641
49,11,596,Head,0.1999974,0.773655,1.750099
49,11,597,ShoulderLeft,0.0130522,0.5246984,1.748353
49,11,597,ElbowLeft,-0.07360234,0.2939116,1.808764
49,11,597,WristLeft,-0.1112412,0.073481,1.857975
49,11,597,HandLeft,-0.1196881,0.004526571,1.877383
49,11,597,ShoulderRight,0.2821396,0.5540679,1.938047
49,11,597,ElbowRight,0.355336,0.3270155,2.001535
49,11,597,WristRight,0.4758373,0.1633453,1.978417
49,11,597,HandRight,0.5237778,0.09701343,1.972881
49,11,597,HipLeft,0.1243053,0.08112223,1.864451
49,11,597,KneeLeft,0.1565923,-0.3089287,1.839553
49,11,597,AnkleLeft,0.1588194,-0.6819674,1.932158
49,11,597,FootLeft,0.187075,-0.7534516,1.876719
49,11,597,HipRight,0.2382381,0.09475625,1.928447
49,11,597,KneeRight,0.2669148,-0.1872906,2.02439
49,11,597,AnkleRight,0.1173354,-0.592661,2.19266
49,11,597,FootRight,0.1739655,-0.6464661,2.094158
49,11,597,SpineShoulder,0.1359079,0.5975035,1.810159
49,11,597,HandTipLeft,-0.1307927,-0.06569326,1.900147
49,11,597,ThumbLeft,-0.1494392,0.02457144,1.880483
49,11,597,HandTipRight,0.5499901,0.04251964,1.956904
49,11,597,ThumbRight,0.5183664,0.06687017,1.985452
49,11,664,SpineBase,0.2010411,0.08041628,1.902067
49,11,664,SpineMid,0.1744932,0.3744683,1.840185
49,11,665,Neck,0.1473389,0.6558182,1.766476
49,11,665,Head,0.2180697,0.7626751,1.725152
49,11,665,ShoulderLeft,0.03842717,0.5107756,1.719272
49,11,665,ElbowLeft,-0.03784217,0.2760985,1.775594
49,11,665,WristLeft,-0.06775418,0.06185042,1.815021
49,11,665,HandLeft,-0.07456756,-0.01179932,1.833838
49,11,665,ShoulderRight,0.2964363,0.5498741,1.897549
49,11,665,ElbowRight,0.3754636,0.3201014,1.973927
49,11,665,WristRight,0.4913242,0.1574244,1.946141
49,11,665,HandRight,0.5435548,0.09012444,1.928407
49,11,665,HipLeft,0.1394904,0.07335885,1.832409
49,11,665,KneeLeft,0.1878675,-0.2652689,1.800522
49,11,665,AnkleLeft,0.2291054,-0.6987466,1.848746
49,11,665,FootLeft,0.2897949,-0.7680664,1.780273
49,11,665,HipRight,0.2550944,0.08442482,1.900441
49,11,665,KneeRight,0.2808301,-0.1848513,2.01369
49,11,665,AnkleRight,0.1288154,-0.5928481,2.18804
49,11,665,FootRight,0.1037679,-0.6705914,2.144606
49,11,665,SpineShoulder,0.1542325,0.587326,1.78693
49,11,666,HandTipLeft,-0.08462386,-0.08699472,1.862462
49,11,666,ThumbLeft,-0.1094,-0.006435409,1.845
49,11,666,HandTipRight,0.5712604,0.03665452,1.90473
49,11,666,ThumbRight,0.5380467,0.05755647,1.948429
49,11,765,SpineBase,0.1922522,0.04489381,1.832369
49,11,765,SpineMid,0.1870729,0.3455285,1.777205
49,11,765,Neck,0.18063,0.6327722,1.71025
49,11,766,Head,0.250777,0.7362356,1.671327
49,11,766,ShoulderLeft,0.08023586,0.4820445,1.663368
49,11,766,ElbowLeft,0.01938872,0.241448,1.706332
49,11,766,WristLeft,0.006962641,0.009077335,1.7379
49,11,766,HandLeft,0.01252654,-0.0508658,1.748109
49,11,766,ShoulderRight,0.3330745,0.5156634,1.865016
49,11,766,ElbowRight,0.3975591,0.2872365,1.934125
49,11,766,WristRight,0.4965194,0.1133343,1.903852
49,11,766,HandRight,0.5373573,0.05038988,1.886395
49,11,766,HipLeft,0.1328556,0.04792839,1.76201
49,11,766,KneeLeft,0.2276436,-0.3593212,1.772203
49,11,766,AnkleLeft,0.271257,-0.7051081,1.800343
49,11,767,FootLeft,0.3492614,-0.7748345,1.734643
49,11,767,HipRight,0.244084,0.04013048,1.831734
49,11,767,KneeRight,0.2806376,-0.247044,1.902373
49,11,767,AnkleRight,0.1347306,-0.6063277,2.163666
49,11,767,FootRight,0.1250052,-0.683689,2.152227
49,11,767,SpineShoulder,0.1824536,0.5628739,1.728981
49,11,767,HandTipLeft,0.008804801,-0.127498,1.771017
49,11,767,ThumbLeft,-0.0221481,-0.03126333,1.761682
49,11,767,HandTipRight,0.5560173,0.002144234,1.864173
49,11,767,ThumbRight,0.5290892,0.02526595,1.90884
49,11,866,SpineBase,0.2648707,0.0274709,1.75053
49,11,866,SpineMid,0.2354792,0.3288301,1.706519
49,11,866,Neck,0.2053051,0.6162937,1.650516
49,11,867,Head,0.2753254,0.7202418,1.613716
49,11,867,ShoulderLeft,0.1165772,0.458243,1.593012
49,11,867,ElbowLeft,0.07265975,0.2214095,1.610614
49,11,867,WristLeft,0.09263701,0.0184563,1.617211
49,11,867,HandLeft,0.1150511,-0.06784853,1.633004
49,11,867,ShoulderRight,0.3339648,0.5268107,1.776793
49,11,867,ElbowRight,0.3991031,0.2787673,1.871096
49,11,867,WristRight,0.4511633,0.08246208,1.884706
49,11,867,HandRight,0.4799452,0.007003052,1.882351
49,11,867,HipLeft,0.2072584,0.02609714,1.677193
49,11,867,KneeLeft,0.2506669,-0.3677284,1.724589
49,11,868,AnkleLeft,0.2913351,-0.7251422,1.787866
49,11,868,FootLeft,0.3503119,-0.7825676,1.735044
49,11,868,HipRight,0.3116779,0.02773659,1.753296
49,11,868,KneeRight,0.2469043,-0.3737404,1.72457
49,11,868,AnkleRight,0.1285028,-0.5881343,2.118792
49,11,868,FootRight,0.1441177,-0.6623158,2.141692
49,11,868,SpineShoulder,0.2130053,0.5463911,1.666514
49,11,868,HandTipLeft,0.1151027,-0.1586668,1.650859
49,11,868,ThumbLeft,0.07399439,-0.06178531,1.634487
49,11,868,HandTipRight,0.4884301,-0.05336088,1.876477
49,11,868,ThumbRight,0.4725428,-0.02070978,1.899067
49,11,966,SpineBase,0.3154894,0.02597479,1.712335
49,11,966,SpineMid,0.2723269,0.3282602,1.660468
49,11,966,Neck,0.228484,0.6163638,1.596483
49,11,966,Head,0.2863937,0.721423,1.563213
49,11,966,ShoulderLeft,0.1496523,0.4540043,1.529331
49,11,966,ElbowLeft,0.1250705,0.1986891,1.527571
49,11,966,WristLeft,0.1946047,-0.03244445,1.506265
49,11,966,HandLeft,0.205719,-0.08423588,1.508009
49,11,966,ShoulderRight,0.357076,0.5266935,1.72281
49,11,966,ElbowRight,0.4226135,0.2759334,1.818362
49,11,966,WristRight,0.4748079,0.07835305,1.831349
49,11,966,HandRight,0.5108399,-0.006989449,1.82983
49,11,966,HipLeft,0.257807,0.02046025,1.642118
49,11,966,KneeLeft,0.258624,-0.3286105,1.68369
49,11,966,AnkleLeft,0.2912517,-0.7199726,1.780314
49,11,966,FootLeft,0.3471835,-0.7831297,1.736694
49,11,966,HipRight,0.360114,0.03041217,1.712343
49,11,966,KneeRight,0.2606836,-0.3035873,1.674999
49,11,966,AnkleRight,0.1735505,-0.5596696,2.058013
49,11,966,FootRight,0.2381314,-0.6088732,1.969402
49,11,967,SpineShoulder,0.2395905,0.5463604,1.614469
49,11,967,HandTipLeft,0.2316611,-0.1506972,1.520475
49,11,967,ThumbLeft,0.1843551,-0.1133035,1.48718
49,11,967,HandTipRight,0.5191047,-0.06728931,1.824007
49,11,967,ThumbRight,0.5029324,-0.03453431,1.846674
49,12,042,SpineBase,0.3199927,0.0216554,1.7094
49,12,042,SpineMid,0.2810015,0.3232265,1.648108
49,12,042,Neck,0.2432965,0.6113706,1.566986
49,12,042,Head,0.2997934,0.7138425,1.534407
49,12,042,ShoulderLeft,0.1646604,0.4501189,1.49859
49,12,042,ElbowLeft,0.1439732,0.2088361,1.475725
49,12,042,WristLeft,0.2318092,-0.003928214,1.442699
49,12,042,HandLeft,0.2577088,-0.06773981,1.432615
49,12,042,ShoulderRight,0.3718356,0.5216099,1.693322
49,12,042,ElbowRight,0.4377325,0.2687778,1.789822
49,12,042,WristRight,0.4902584,0.06953494,1.802351
49,12,042,HandRight,0.5252838,-0.0122126,1.800403
49,12,042,HipLeft,0.2629339,0.01631611,1.639941
49,12,043,KneeLeft,0.2594931,-0.3284982,1.680371
49,12,043,AnkleLeft,0.2913712,-0.7195441,1.775785
49,12,043,FootLeft,0.3416775,-0.7816546,1.737903
49,12,043,HipRight,0.3638968,0.02598991,1.708588
49,12,043,KneeRight,0.4180796,-0.2748811,1.8035
49,12,043,AnkleRight,0.2022215,-0.5959679,2.083278
49,12,043,FootRight,0.2668777,-0.6452204,1.99544
49,12,043,SpineShoulder,0.2527378,0.541266,1.590008
49,12,043,HandTipLeft,0.2844243,-0.1327366,1.431088
49,12,043,ThumbLeft,0.272546,-0.07796641,1.385545
49,12,044,HandTipRight,0.5334353,-0.0724894,1.794607
49,12,044,ThumbRight,0.5171163,-0.03969209,1.817314
49,12,129,SpineBase,0.3335486,0.007815409,1.677854
49,12,129,SpineMid,0.3027188,0.3122634,1.60172
49,12,129,Neck,0.2679142,0.6046411,1.518939
49,12,130,Head,0.3321044,0.6992222,1.485194
49,12,130,ShoulderLeft,0.1875626,0.4459037,1.450956
49,12,130,ElbowLeft,0.1734914,0.207139,1.420954
49,12,130,WristLeft,0.2780411,0.006462283,1.366373
49,12,130,HandLeft,0.3098849,-0.05431183,1.336384
49,12,130,ShoulderRight,0.3963562,0.5147221,1.645299
49,12,130,ElbowRight,0.4624166,0.2599435,1.742698
49,12,130,WristRight,0.515137,0.05918278,1.754814
49,12,130,HandRight,0.5492627,-0.01935493,1.752498
49,12,130,HipLeft,0.2747964,0.006695034,1.607055
49,12,130,KneeLeft,0.2670511,-0.3401597,1.665806
49,12,130,AnkleLeft,0.290867,-0.7197524,1.775042
49,12,130,FootLeft,0.3391823,-0.780642,1.737304
49,12,130,HipRight,0.3784036,0.008386595,1.678251
49,12,130,KneeRight,0.4429854,-0.3127693,1.771942
49,12,131,AnkleRight,0.241385,-0.6551223,2.04021
49,12,131,FootRight,0.3118611,-0.7173578,1.943864
49,12,131,SpineShoulder,0.276881,0.5336584,1.541608
49,12,131,HandTipLeft,0.3507468,-0.1063437,1.321773
49,12,131,ThumbLeft,0.3334191,-0.04516217,1.302706
49,12,131,HandTipRight,0.5572213,-0.07960026,1.746749
49,12,131,ThumbRight,0.5406522,-0.04674134,1.769525
49,12,193,SpineBase,0.3407715,0.001835722,1.664387
49,12,193,SpineMid,0.3084705,0.3097359,1.592054
49,12,193,Neck,0.2749804,0.6032122,1.507184
49,12,193,Head,0.3391084,0.6980727,1.473883
49,12,193,ShoulderLeft,0.1939379,0.4439978,1.440208
49,12,193,ElbowLeft,0.1825555,0.2023156,1.407335
49,12,193,WristLeft,0.2948615,0.00167042,1.336269
49,12,194,HandLeft,0.3288049,-0.05248857,1.304376
49,12,194,ShoulderRight,0.4033923,0.5132485,1.633547
49,12,194,ElbowRight,0.4698297,0.2567256,1.73173
49,12,194,WristRight,0.5228795,0.05454517,1.7434
49,12,194,HandRight,0.4890173,-0.006221348,1.710218
49,12,194,HipLeft,0.2813469,0.001949726,1.593442
49,12,194,KneeLeft,0.2781211,-0.4023125,1.673222
49,12,194,AnkleLeft,0.2919962,-0.7370216,1.781019
49,12,194,FootLeft,0.3462048,-0.7892908,1.735783
49,12,194,HipRight,0.3857263,0.001588307,1.665244
49,12,194,KneeRight,0.4494322,-0.3272541,1.763148
49,12,194,AnkleRight,0.3933616,-0.6913627,1.906214
49,12,194,FootRight,0.4464457,-0.7451417,1.886023
49,12,194,SpineShoulder,0.2836153,0.5319542,1.530403
49,12,194,HandTipLeft,0.3720532,-0.1013948,1.291149
49,12,194,ThumbLeft,0.3516195,-0.04114733,1.270131
49,12,194,HandTipRight,0.49722,-0.0665523,1.70439
49,12,194,ThumbRight,0.4809581,-0.03377023,1.727057
49,12,295,SpineBase,0.359105,-0.003742314,1.658588
49,12,296,SpineMid,0.3285929,0.3034685,1.576046
49,12,296,Neck,0.2973819,0.5956877,1.476268
49,12,296,Head,0.3613886,0.6899554,1.442888
49,12,296,ShoulderLeft,0.2098753,0.4405269,1.414332
49,12,296,ElbowLeft,0.1929329,0.1962195,1.391313
49,12,296,WristLeft,0.2960133,-0.001577069,1.333643
49,12,296,HandLeft,0.3255249,-0.06396666,1.29906
49,12,296,ShoulderRight,0.4059221,0.5214149,1.6113
49,12,296,ElbowRight,0.4719986,0.2657849,1.709077
49,12,296,WristRight,0.5247524,0.06440862,1.721064
49,12,296,HandRight,0.5062516,-0.01724931,1.682006
49,12,296,HipLeft,0.3040362,-0.004892096,1.58991
49,12,296,KneeLeft,0.2837117,-0.4092868,1.673779
49,12,296,AnkleLeft,0.2952572,-0.7415839,1.782086
49,12,297,FootLeft,0.3493683,-0.792275,1.73324
49,12,297,HipRight,0.3998965,-0.002751641,1.65757
49,12,297,KneeRight,0.4682726,-0.3627014,1.735065
49,12,297,AnkleRight,0.4332553,-0.707021,1.846304
49,12,297,FootRight,0.4890137,-0.7587891,1.790039
49,12,297,SpineShoulder,0.3054852,0.5248092,1.503709
49,12,297,HandTipLeft,0.3690848,-0.1203233,1.284422
49,12,297,ThumbLeft,0.350702,-0.05974763,1.262571
49,12,297,HandTipRight,0.5062278,-0.03797917,1.675531
49,12,297,ThumbRight,0.5024419,-0.03769514,1.663
49,12,403,SpineBase,0.4059131,-0.01484797,1.625901
49,12,403,SpineMid,0.358072,0.2954497,1.553711
49,12,403,Neck,0.3086534,0.5917175,1.468238
49,12,403,Head,0.3790983,0.6852747,1.428953
49,12,403,ShoulderLeft,0.2211117,0.4347562,1.40673
49,12,403,ElbowLeft,0.197375,0.1897944,1.38791
49,12,403,WristLeft,0.2773455,-0.02599916,1.349432
49,12,403,HandLeft,0.2922311,-0.09210064,1.337374
49,12,404,ShoulderRight,0.4166032,0.5198998,1.599596
49,12,404,ElbowRight,0.4822421,0.2652892,1.696908
49,12,404,WristRight,0.5346597,0.06478512,1.709178
49,12,404,HandRight,0.5690351,-0.01464505,1.706949
49,12,404,HipLeft,0.3509128,-0.01972779,1.560554
49,12,404,KneeLeft,0.2893733,-0.4144866,1.667055
49,12,404,AnkleLeft,0.2962684,-0.7417457,1.782768
49,12,404,FootLeft,0.3493305,-0.7920526,1.73258
49,12,404,HipRight,0.4434435,-0.009348201,1.621701
49,12,404,KneeRight,0.467141,-0.3743365,1.722855
49,12,404,AnkleRight,0.4775782,-0.7195975,1.805951
49,12,404,FootRight,0.5167043,-0.7808932,1.765781
49,12,404,SpineShoulder,0.320684,0.5198838,1.492334
49,12,404,HandTipLeft,0.3197174,-0.1589216,1.333296
49,12,404,ThumbLeft,0.2910205,-0.115018,1.29396
49,12,404,HandTipRight,0.5687246,-0.03538818,1.700551
49,12,404,ThumbRight,0.5645676,-0.03512952,1.688121
49,12,463,SpineBase,0.4150628,-0.0159079,1.615383
49,12,463,SpineMid,0.3687986,0.2937515,1.545519
49,12,463,Neck,0.3211665,0.5888377,1.462446
49,12,463,Head,0.3864578,0.6836329,1.425364
49,12,463,ShoulderLeft,0.2290831,0.4330419,1.404471
49,12,463,ElbowLeft,0.1984515,0.1867243,1.391989
49,12,463,WristLeft,0.2481909,-0.0431033,1.37947
49,12,463,HandLeft,0.2789577,-0.1067522,1.398029
49,12,463,ShoulderRight,0.4578495,0.4973888,1.577541
49,12,463,ElbowRight,0.523429,0.2412735,1.675586
49,12,463,WristRight,0.5759098,0.03953685,1.687445
49,12,463,HandRight,0.609446,-0.03692324,1.684881
49,12,463,HipLeft,0.3569266,-0.02205175,1.551781
49,12,464,KneeLeft,0.2938789,-0.4160079,1.663875
49,12,464,AnkleLeft,0.2970985,-0.7396222,1.783951
49,12,464,FootLeft,0.3485837,-0.7903659,1.733815
49,12,464,HipRight,0.4559506,-0.008745395,1.609092
49,12,464,KneeRight,0.4737106,-0.3678592,1.707692
49,12,464,AnkleRight,0.475492,-0.7193783,1.80755
49,12,464,FootRight,0.5126969,-0.7810412,1.767571
49,12,464,SpineShoulder,0.3334265,0.5172017,1.485355
49,12,464,HandTipLeft,0.2917532,-0.1851211,1.40467
49,12,464,ThumbLeft,0.2456624,-0.1518686,1.35556
49,12,464,HandTipRight,0.6088914,-0.05754123,1.678558
49,12,464,ThumbRight,0.6044191,-0.05711859,1.666229
49,12,578,SpineBase,0.4244214,-0.02393679,1.602343
49,12,579,SpineMid,0.3835186,0.2890243,1.534276
49,12,579,Neck,0.3425687,0.5870831,1.452778
49,12,580,Head,0.4039517,0.6835142,1.417987
49,12,580,ShoulderLeft,0.242989,0.4318363,1.400555
49,12,580,ElbowLeft,0.1979281,0.1817769,1.419638
49,12,581,WristLeft,0.1998432,-0.03622235,1.43897
49,12,581,HandLeft,0.2060198,-0.1083455,1.447498
49,12,581,ShoulderRight,0.4663417,0.5022745,1.569678
49,12,581,ElbowRight,0.531823,0.2460849,1.667789
49,12,581,WristRight,0.4722112,0.03503064,1.477735
49,12,582,HandRight,0.4718484,-0.01939932,1.478034
49,12,582,HipLeft,0.3649563,-0.02868738,1.538584
49,12,582,KneeLeft,0.301781,-0.4190591,1.658943
49,12,582,AnkleLeft,0.2972895,-0.7385388,1.784338
49,12,582,FootLeft,0.3480775,-0.7899264,1.732979
49,12,582,HipRight,0.4656363,-0.01798778,1.596723
49,12,582,KneeRight,0.4780763,-0.3776097,1.705062
49,12,582,AnkleRight,0.4753048,-0.7195126,1.808149
49,12,582,FootRight,0.5112901,-0.782168,1.767616
49,12,582,SpineShoulder,0.3529515,0.5147006,1.475193
49,12,582,HandTipLeft,0.2092145,-0.181083,1.46356
49,12,583,ThumbLeft,0.187935,-0.1404513,1.427768
49,12,583,HandTipRight,0.4769862,-0.0696394,1.474632
49,12,583,ThumbRight,0.4337314,0.01893563,1.443046
49,12,638,SpineBase,0.4269286,-0.02755535,1.59793
49,12,639,SpineMid,0.3901931,0.2866487,1.529816
49,12,639,Neck,0.3539739,0.5861876,1.448565
49,12,639,Head,0.4108099,0.6837855,1.414949
49,12,639,ShoulderLeft,0.253247,0.4306504,1.396172
49,12,639,ElbowLeft,0.1947752,0.1753207,1.436447
49,12,639,WristLeft,0.1850109,-0.03174105,1.460647
49,12,639,HandLeft,0.1784548,-0.09432441,1.482517
49,12,639,ShoulderRight,0.480967,0.5005085,1.559711
49,12,639,ElbowRight,0.5460155,0.2452119,1.657459
49,12,639,WristRight,0.6312296,-0.01893575,1.696857
49,12,639,HandRight,0.6489159,-0.06215958,1.70568
49,12,640,HipLeft,0.3664294,-0.03047276,1.536348
49,12,640,KneeLeft,0.3085351,-0.4165304,1.652449
49,12,640,AnkleLeft,0.2975768,-0.732447,1.781849
49,12,640,FootLeft,0.3448784,-0.7876173,1.733697
49,12,640,HipRight,0.4691507,-0.0239615,1.589445
49,12,640,KneeRight,0.4801646,-0.3793574,1.702692
49,12,640,AnkleRight,0.4750446,-0.7191697,1.808706
49,12,640,FootRight,0.5108941,-0.781828,1.767455
49,12,641,SpineShoulder,0.3632025,0.5134088,1.470839
49,12,641,HandTipLeft,0.1775921,-0.1685259,1.507361
49,12,641,ThumbLeft,0.1479834,-0.1151768,1.477685
49,12,641,HandTipRight,0.6577625,-0.1063239,1.686003
49,12,641,ThumbRight,0.6198905,-0.08372434,1.680727
49,12,734,SpineBase,0.4322437,-0.02720914,1.584651
49,12,734,SpineMid,0.4011874,0.2860803,1.519188
49,12,735,Neck,0.3699116,0.5841833,1.440682
49,12,735,Head,0.4233377,0.6846023,1.408386
49,12,735,ShoulderLeft,0.2631232,0.4301554,1.392548
49,12,735,ElbowLeft,0.1936577,0.1769928,1.444562
49,12,736,WristLeft,0.1677419,-0.03036056,1.483407
49,12,736,HandLeft,0.1533126,-0.08317111,1.508175
49,12,736,ShoulderRight,0.5027382,0.5023678,1.551572
49,12,736,ElbowRight,0.5841336,0.2430683,1.624738
49,12,736,WristRight,0.6678656,0.02960562,1.652349
49,12,736,HandRight,0.69915,-0.03132055,1.652774
49,12,736,HipLeft,0.3696318,-0.02945485,1.525066
49,12,736,KneeLeft,0.3416778,-0.3612596,1.619769
49,12,736,AnkleLeft,0.299937,-0.7294325,1.781358
49,12,736,FootLeft,0.343663,-0.7873802,1.733873
49,12,736,HipRight,0.4761456,-0.02413091,1.574829
49,12,736,KneeRight,0.4826453,-0.3798442,1.701375
49,12,736,AnkleRight,0.4743741,-0.7190054,1.809631
49,12,736,FootRight,0.5104935,-0.7813845,1.767375
49,12,736,SpineShoulder,0.3779629,0.5118465,1.462236
49,12,736,HandTipLeft,0.1443359,-0.1537961,1.537391
49,12,736,ThumbLeft,0.1198747,-0.0934137,1.507933
49,12,737,HandTipRight,0.7141204,-0.08831336,1.631152
49,12,737,ThumbRight,0.6796129,-0.05053728,1.666469
49,12,802,SpineBase,0.4357226,-0.02786034,1.578349
49,12,802,SpineMid,0.4072914,0.2847901,1.513622
49,12,802,Neck,0.3775882,0.5821509,1.436347
49,12,802,Head,0.4330933,0.6831225,1.402308
49,12,802,ShoulderLeft,0.2685807,0.4290138,1.390062
49,12,802,ElbowLeft,0.1938659,0.1774211,1.445197
49,12,802,WristLeft,0.1673048,-0.0306025,1.483584
49,12,802,HandLeft,0.1543926,-0.0878704,1.501644
49,12,802,ShoulderRight,0.5087284,0.5016342,1.539393
49,12,803,ElbowRight,0.5880982,0.2448282,1.618265
49,12,803,WristRight,0.6719705,0.0294201,1.643886
49,12,803,HandRight,0.708394,-0.03294365,1.630356
49,12,803,HipLeft,0.3714448,-0.03011845,1.519843
49,12,803,KneeLeft,0.34242,-0.3579763,1.616128
49,12,803,AnkleLeft,0.3000066,-0.729553,1.781144
49,12,803,FootLeft,0.3437668,-0.7875046,1.733848
49,12,803,HipRight,0.481241,-0.02456678,1.567411
49,12,803,KneeRight,0.4848996,-0.3790718,1.699393
49,12,803,AnkleRight,0.4737569,-0.7185708,1.810087
49,12,803,FootRight,0.5098901,-0.7808402,1.767109
49,12,803,SpineShoulder,0.3853571,0.5100087,1.457581
49,12,803,HandTipLeft,0.1455559,-0.1602764,1.537405
49,12,803,ThumbLeft,0.1200874,-0.06962692,1.51575
49,12,803,HandTipRight,0.7209193,-0.0921371,1.605306
49,12,803,ThumbRight,0.6935096,-0.05624988,1.645282
49,12,894,SpineBase,0.4422104,-0.03262789,1.574091
49,12,894,SpineMid,0.4161321,0.2808861,1.508793
49,12,895,Neck,0.3877777,0.5793778,1.431119
49,12,895,Head,0.4456052,0.6795292,1.394624
49,12,895,ShoulderLeft,0.275578,0.4280021,1.387895
49,12,895,ElbowLeft,0.1981392,0.1758959,1.442869
49,12,895,WristLeft,0.1819399,-0.0383653,1.459216
49,12,895,HandLeft,0.1826679,-0.1017958,1.464894
49,12,895,ShoulderRight,0.542959,0.4431393,1.517462
49,12,895,ElbowRight,0.6113597,0.1966913,1.623705
49,12,896,WristRight,0.6808458,0.0041492,1.637615
49,12,896,HandRight,0.6984913,-0.04317604,1.624166
49,12,896,HipLeft,0.3750466,-0.03412669,1.515127
49,12,896,KneeLeft,0.3443252,-0.375708,1.628001
49,12,896,AnkleLeft,0.3033412,-0.7261539,1.780247
49,12,896,FootLeft,0.3422882,-0.7873438,1.733621
49,12,896,HipRight,0.4908526,-0.03003808,1.563796
49,12,896,KneeRight,0.4854271,-0.3785174,1.698245
49,12,896,AnkleRight,0.4736962,-0.7183964,1.810329
49,12,897,FootRight,0.508883,-0.7813537,1.768329
49,12,897,SpineShoulder,0.3953037,0.5069448,1.452459
49,12,897,HandTipLeft,0.1837697,-0.1774735,1.489623
49,12,897,ThumbLeft,0.1380359,-0.1156795,1.461308
49,12,897,HandTipRight,0.7080812,-0.1109328,1.605185
49,12,897,ThumbRight,0.6829731,-0.06247649,1.64672
49,12,994,SpineBase,0.4590592,-0.03707366,1.569575
49,12,994,SpineMid,0.4280483,0.2776505,1.504217
49,12,995,Neck,0.3951567,0.5770763,1.426666
49,12,995,Head,0.4608796,0.6731016,1.386162
49,12,996,ShoulderLeft,0.283428,0.4265976,1.384374
49,12,996,ElbowLeft,0.2131896,0.1842751,1.425783
49,12,996,WristLeft,0.2282168,-0.04774683,1.401815
49,12,996,HandLeft,0.2340324,-0.1124818,1.404192
49,12,996,ShoulderRight,0.5496785,0.4446666,1.523185
49,12,996,ElbowRight,0.6139422,0.1937184,1.622894
49,12,996,WristRight,0.6631507,-0.008104233,1.635762
49,12,996,HandRight,0.6712015,-0.07024317,1.641103
49,12,996,HipLeft,0.3912381,-0.0394181,1.508581
49,12,996,KneeLeft,0.3434837,-0.3755205,1.626981
49,12,996,AnkleLeft,0.3031036,-0.7261857,1.779862
49,12,996,FootLeft,0.3420347,-0.7873116,1.732872
49,12,996,HipRight,0.5066993,-0.0332272,1.561528
49,12,996,KneeRight,0.4898244,-0.3777279,1.696406
49,12,996,AnkleRight,0.4736679,-0.7183703,1.810283
49,12,996,FootRight,0.5091796,-0.7811242,1.76817
49,12,996,SpineShoulder,0.4037373,0.5044399,1.447974
49,12,996,HandTipLeft,0.2396826,-0.1842198,1.412564
49,12,996,ThumbLeft,0.2095785,-0.1447108,1.386949
49,12,996,HandTipRight,0.6692476,-0.1300468,1.628653
49,12,996,ThumbRight,0.6574982,-0.08451739,1.667533
49,13,094,SpineBase,0.4750265,-0.03326697,1.561195
49,13,094,SpineMid,0.4357198,0.2783053,1.500032
49,13,094,Neck,0.3973476,0.5763409,1.425135
49,13,094,Head,0.4804925,0.6671842,1.381795
49,13,094,ShoulderLeft,0.2833336,0.4265513,1.384358
49,13,094,ElbowLeft,0.2232969,0.1922742,1.408738
49,13,094,WristLeft,0.269903,-0.04910149,1.359695
49,13,094,HandLeft,0.2860605,-0.106249,1.349918
49,13,094,ShoulderRight,0.5466169,0.4566731,1.514712
49,13,095,ElbowRight,0.6158442,0.206225,1.615692
49,13,095,WristRight,0.6502022,0.00614087,1.649477
49,13,095,HandRight,0.6481435,-0.06807423,1.658427
49,13,095,HipLeft,0.4023646,-0.03915556,1.500206
49,13,095,KneeLeft,0.3509185,-0.359144,1.613048
49,13,095,AnkleLeft,0.3029632,-0.7259406,1.779537
49,13,095,FootLeft,0.3425371,-0.7867715,1.733042
49,13,095,HipRight,0.528154,-0.02484029,1.553314
49,13,095,KneeRight,0.5174264,-0.3336698,1.67963
49,13,095,AnkleRight,0.4735695,-0.7174912,1.810272
49,13,095,FootRight,0.51004,-0.7796144,1.767672
49,13,095,SpineShoulder,0.4069904,0.503895,1.445933
49,13,095,HandTipLeft,0.3068141,-0.1756246,1.347099
49,13,095,ThumbLeft,0.2528542,-0.1264738,1.367476
49,13,095,HandTipRight,0.6412929,-0.1296621,1.664076
49,13,095,ThumbRight,0.6564875,-0.09331769,1.6665
49,13,196,SpineBase,0.4741877,-0.03686242,1.553703
49,13,196,SpineMid,0.4372918,0.2763118,1.495318
49,13,197,Neck,0.3993576,0.5749272,1.422664
49,13,197,Head,0.4909791,0.6599232,1.383043
49,13,198,ShoulderLeft,0.2835008,0.4262529,1.383828
49,13,198,ElbowLeft,0.228608,0.1952087,1.397048
49,13,198,WristLeft,0.2905553,-0.04689158,1.343425
49,13,199,HandLeft,0.3190813,-0.1029933,1.32392
49,13,199,ShoulderRight,0.544686,0.4546448,1.511337
49,13,199,ElbowRight,0.6156822,0.2050165,1.6153
49,13,199,WristRight,0.6486394,0.004372475,1.651252
49,13,199,HandRight,0.6423889,-0.05864816,1.665438
49,13,199,HipLeft,0.4000959,-0.04267874,1.492831
49,13,199,KneeLeft,0.3509607,-0.35923,1.613079
49,13,199,AnkleLeft,0.3012975,-0.7237493,1.777409
49,13,199,FootLeft,0.3412023,-0.7849029,1.73376
49,13,199,HipRight,0.5279943,-0.02895961,1.545346
49,13,199,KneeRight,0.5151595,-0.3361099,1.678089
49,13,199,AnkleRight,0.4731393,-0.7162257,1.810101
49,13,199,FootRight,0.508427,-0.779168,1.768299
49,13,199,SpineShoulder,0.409056,0.5023854,1.44292
49,13,199,HandTipLeft,0.3464354,-0.1659478,1.31989
49,13,199,ThumbLeft,0.2876909,-0.1289556,1.3393
49,13,199,HandTipRight,0.6346238,-0.1011617,1.668285
49,13,199,ThumbRight,0.6440563,-0.05101601,1.657667
49,13,308,SpineBase,0.4744776,-0.03666391,1.553045
49,13,309,SpineMid,0.4385352,0.2761576,1.493708
49,13,309,Neck,0.4013702,0.5739434,1.420444
49,13,309,Head,0.5040582,0.6550437,1.391101
49,13,309,ShoulderLeft,0.284497,0.4253824,1.382292
49,13,309,ElbowLeft,0.2325166,0.1955628,1.393001
49,13,309,WristLeft,0.2960886,-0.04959896,1.34501
49,13,309,HandLeft,0.324637,-0.1059688,1.336742
49,13,310,ShoulderRight,0.5456091,0.4859758,1.516678
49,13,310,ElbowRight,0.6104611,0.2281767,1.607996
49,13,310,WristRight,0.6474833,0.004829451,1.653769
49,13,310,HandRight,0.6422641,-0.06696079,1.638794
49,13,310,HipLeft,0.4008381,-0.04227559,1.492312
49,13,311,KneeLeft,0.3508065,-0.3596218,1.613286
49,13,311,AnkleLeft,0.3006401,-0.7222798,1.776459
49,13,312,FootLeft,0.3400593,-0.7832179,1.734188
49,13,312,HipRight,0.5277084,-0.02899845,1.544326
49,13,313,KneeRight,0.514066,-0.3385735,1.678708
49,13,313,AnkleRight,0.4728186,-0.7155025,1.810829
49,13,314,FootRight,0.5077831,-0.7778674,1.768597
49,13,314,SpineShoulder,0.4109501,0.501653,1.440801
49,13,314,HandTipLeft,0.3507341,-0.1692496,1.331299
49,13,314,ThumbLeft,0.2931814,-0.1273089,1.357067
49,13,314,HandTipRight,0.6344448,-0.1094258,1.641655
49,13,314,ThumbRight,0.6438109,-0.05920765,1.631058
49,13,372,SpineBase,0.4749245,-0.0371754,1.551702
49,13,373,SpineMid,0.4428257,0.2741305,1.48779
49,13,373,Neck,0.4113136,0.5694789,1.408256
49,13,377,Head,0.5096037,0.6532208,1.395599
49,13,378,ShoulderLeft,0.3137009,0.4162523,1.360527
49,13,378,ElbowLeft,0.237446,0.1931211,1.388964
49,13,378,WristLeft,0.2971926,-0.05265602,1.351828
49,13,378,HandLeft,0.3135024,-0.1126842,1.358278
49,13,378,ShoulderRight,0.5457283,0.4870607,1.517063
49,13,378,ElbowRight,0.6103243,0.229,1.607973
49,13,378,WristRight,0.6469976,0.004062567,1.655766
49,13,378,HandRight,0.641139,-0.06697272,1.638972
49,13,378,HipLeft,0.4030941,-0.04249172,1.490958
49,13,378,KneeLeft,0.3504542,-0.3642606,1.616083
49,13,378,AnkleLeft,0.2999947,-0.7196564,1.774407
49,13,378,FootLeft,0.3391209,-0.7804434,1.734336
49,13,378,HipRight,0.5262649,-0.03026342,1.542121
49,13,378,KneeRight,0.5135258,-0.3408607,1.679828
49,13,378,AnkleRight,0.4723679,-0.7150075,1.810988
49,13,378,FootRight,0.5071147,-0.7769074,1.768885
49,13,378,SpineShoulder,0.4194439,0.4978984,1.430283
49,13,379,HandTipLeft,0.3363436,-0.1807109,1.357979
49,13,379,ThumbLeft,0.2889542,-0.1432905,1.350034
49,13,379,HandTipRight,0.633324,-0.1094377,1.641826
49,13,379,ThumbRight,0.6426955,-0.05921889,1.63122
49,13,434,SpineBase,0.4751931,-0.03912936,1.5452
49,13,434,SpineMid,0.4457479,0.2727138,1.482555
49,13,434,Neck,0.4148833,0.5687588,1.405463
49,13,435,Head,0.5140843,0.6525824,1.399008
49,13,435,ShoulderLeft,0.3164159,0.4148252,1.359093
49,13,435,ElbowLeft,0.2437712,0.1850668,1.388476
49,13,435,WristLeft,0.2890232,-0.05722076,1.367894
49,13,435,HandLeft,0.2924547,-0.1216945,1.386235
49,13,435,ShoulderRight,0.5465888,0.4883066,1.517435
49,13,435,ElbowRight,0.6107462,0.2299541,1.607983
49,13,435,WristRight,0.6473807,0.00375114,1.656996
49,13,435,HandRight,0.6410155,-0.06674468,1.639029
49,13,435,HipLeft,0.4051156,-0.04343572,1.485151
49,13,435,KneeLeft,0.3507295,-0.3626075,1.613737
49,13,435,AnkleLeft,0.2999279,-0.7196172,1.774379
49,13,435,FootLeft,0.3401004,-0.779229,1.734622
49,13,435,HipRight,0.5241675,-0.03327125,1.535271
49,13,435,KneeRight,0.513207,-0.343088,1.681403
49,13,435,AnkleRight,0.4720574,-0.7148027,1.81119
49,13,435,FootRight,0.5067768,-0.7761608,1.769039
49,13,435,SpineShoulder,0.4229934,0.4970084,1.426857
49,13,435,HandTipLeft,0.3061228,-0.1912983,1.399855
49,13,435,ThumbLeft,0.2733397,-0.1472178,1.367445
49,13,435,HandTipRight,0.6331995,-0.1092109,1.641879
49,13,435,ThumbRight,0.6427472,-0.05901007,1.63195
49,13,535,SpineBase,0.4696414,-0.04810213,1.54364
49,13,535,SpineMid,0.4458123,0.2704045,1.481231
49,13,535,Neck,0.4173708,0.5687263,1.403919
49,13,535,Head,0.52025,0.6527795,1.404122
49,13,535,ShoulderLeft,0.3205794,0.4131137,1.357543
49,13,535,ElbowLeft,0.245424,0.1809242,1.389195
49,13,535,WristLeft,0.257287,-0.05409539,1.402522
49,13,535,HandLeft,0.2575803,-0.1192099,1.416264
49,13,535,ShoulderRight,0.5477502,0.4897188,1.517783
49,13,535,ElbowRight,0.6114565,0.2310866,1.608005
49,13,535,WristRight,0.6575221,-0.03056145,1.691508
49,13,535,HandRight,0.6419607,-0.0675354,1.677235
49,13,535,HipLeft,0.4016882,-0.04867338,1.485324
49,13,535,KneeLeft,0.3467226,-0.3677047,1.614578
49,13,535,AnkleLeft,0.2998253,-0.719339,1.774244
49,13,535,FootLeft,0.3397595,-0.7785947,1.734798
49,13,536,HipRight,0.5160429,-0.04646355,1.531593
49,13,536,KneeRight,0.5084947,-0.3688464,1.694973
49,13,536,AnkleRight,0.4715246,-0.7143092,1.811449
49,13,536,FootRight,0.5055971,-0.775521,1.769276
49,13,536,SpineShoulder,0.4246855,0.4964673,1.425511
49,13,536,HandTipLeft,0.2598047,-0.1899745,1.432462
49,13,536,ThumbLeft,0.2265727,-0.1383889,1.409526
49,13,536,HandTipRight,0.5898646,-0.1255928,1.597471
49,13,536,ThumbRight,0.6500525,-0.0637487,1.677
49,13,601,SpineBase,0.4664261,-0.05440319,1.546816
49,13,601,SpineMid,0.44585,0.2683929,1.481426
49,13,601,Neck,0.4192363,0.5687913,1.403106
49,13,602,Head,0.5217612,0.6554955,1.406534
49,13,602,ShoulderLeft,0.3233126,0.4120129,1.356397
49,13,602,ElbowLeft,0.2454843,0.1705851,1.393164
49,13,602,WristLeft,0.2523379,-0.05272107,1.406481
49,13,602,HandLeft,0.2433,-0.1168471,1.424738
49,13,602,ShoulderRight,0.5489296,0.4909112,1.518204
49,13,602,ElbowRight,0.4936897,0.2114754,1.458393
49,13,602,WristRight,0.6088561,0.02668295,1.621206
49,13,602,HandRight,0.640381,-0.07108921,1.664742
49,13,602,HipLeft,0.399471,-0.0553959,1.490643
49,13,602,KneeLeft,0.340174,-0.3928909,1.628221
49,13,602,AnkleLeft,0.2998342,-0.7188168,1.773654
49,13,602,FootLeft,0.3395353,-0.7777612,1.73454
49,13,602,HipRight,0.5121813,-0.05191705,1.53342
49,13,602,KneeRight,0.5080922,-0.3732292,1.697553
49,13,602,AnkleRight,0.4714563,-0.7143056,1.811437
49,13,602,FootRight,0.5055914,-0.7749986,1.769274
49,13,602,SpineShoulder,0.4259091,0.4960822,1.424998
49,13,602,HandTipLeft,0.2449676,-0.1922418,1.443361
49,13,602,ThumbLeft,0.2185227,-0.1396044,1.409283
49,13,602,HandTipRight,0.6577674,-0.07912296,1.681278
49,13,602,ThumbRight,0.6480129,-0.0467499,1.662
49,13,667,SpineBase,0.4637748,-0.05700195,1.547946
49,13,667,SpineMid,0.4457273,0.26742,1.481737
49,13,667,Neck,0.4212396,0.569235,1.403225
49,13,667,Head,0.525802,0.6555631,1.410543
49,13,667,ShoulderLeft,0.3254042,0.4116335,1.35628
49,13,667,ElbowLeft,0.2446366,0.1670927,1.396
49,13,667,WristLeft,0.2481333,-0.05051902,1.410307
49,13,667,HandLeft,0.2377118,-0.1159541,1.428788
49,13,667,ShoulderRight,0.5507609,0.4926378,1.519575
49,13,667,ElbowRight,0.5301597,0.2141789,1.439153
49,13,667,WristRight,0.6205326,0.02827226,1.614162
49,13,667,HandRight,0.6350777,-0.04000072,1.641863
49,13,667,HipLeft,0.3968532,-0.05768686,1.492729
49,13,667,KneeLeft,0.3423423,-0.3895181,1.628078
49,13,667,AnkleLeft,0.2998164,-0.7184314,1.773453
49,13,667,FootLeft,0.3394987,-0.77694,1.734445
49,13,667,HipRight,0.5096545,-0.05447773,1.533759
49,13,667,KneeRight,0.5082639,-0.3764477,1.69994
49,13,667,AnkleRight,0.4712695,-0.7141129,1.811769
49,13,667,FootRight,0.5052963,-0.774432,1.769678
49,13,667,SpineShoulder,0.4271176,0.4960543,1.425094
49,13,667,HandTipLeft,0.2387611,-0.1898309,1.445954
49,13,667,ThumbLeft,0.213659,-0.1376487,1.408901
49,13,667,HandTipRight,0.631273,-0.07857096,1.650647
49,13,667,ThumbRight,0.6377452,-0.01712663,1.64425
49,13,762,SpineBase,0.4635148,-0.05773976,1.548073
49,13,762,SpineMid,0.4458435,0.2668524,1.481943
49,13,762,Neck,0.4222346,0.5695688,1.403587
49,13,762,Head,0.5284154,0.6557565,1.414855
49,13,762,ShoulderLeft,0.3260903,0.4116356,1.356341
49,13,762,ElbowLeft,0.244594,0.167132,1.396026
49,13,763,WristLeft,0.2478674,-0.05050164,1.410406
49,13,763,HandLeft,0.2427091,-0.1180245,1.423069
49,13,763,ShoulderRight,0.5516613,0.493819,1.520824
49,13,763,ElbowRight,0.52984,0.2164106,1.439603
49,13,763,WristRight,0.6196727,0.0298275,1.613172
49,13,763,HandRight,0.6567443,-0.06556419,1.684457
49,13,763,HipLeft,0.3966816,-0.05816475,1.493068
49,13,763,KneeLeft,0.342585,-0.3908644,1.629301
49,13,763,AnkleLeft,0.2997721,-0.7184528,1.773453
49,13,763,FootLeft,0.3392204,-0.7766691,1.734507
49,13,763,HipRight,0.5093257,-0.0554109,1.533655
49,13,763,KneeRight,0.5084226,-0.3784951,1.701834
49,13,763,AnkleRight,0.4710877,-0.7140549,1.811853
49,13,763,FootRight,0.5049644,-0.7740273,1.769768
49,13,763,SpineShoulder,0.4279,0.4961041,1.425348
49,13,763,HandTipLeft,0.2421538,-0.1915244,1.441768
49,13,763,ThumbLeft,0.2204694,-0.1386037,1.40504
49,13,763,HandTipRight,0.6611334,-0.07897955,1.678266
49,13,763,ThumbRight,0.6482811,-0.06471929,1.66275
49,13,863,SpineBase,0.4635446,-0.05774824,1.547993
49,13,863,SpineMid,0.4459265,0.2667148,1.482246
49,13,863,Neck,0.4229192,0.570143,1.405389
49,13,863,Head,0.530107,0.6560144,1.419022
49,13,863,ShoulderLeft,0.3270891,0.4116706,1.357014
49,13,863,ElbowLeft,0.2450077,0.1675057,1.395995
49,13,863,WristLeft,0.253787,-0.05575806,1.405936
49,13,863,HandLeft,0.2628716,-0.1207779,1.407815
49,13,863,ShoulderRight,0.5520231,0.495365,1.524031
49,13,863,ElbowRight,0.5290676,0.2191137,1.441435
49,13,863,WristRight,0.6190635,0.03108997,1.612518
49,13,863,HandRight,0.6522724,-0.06550582,1.682723
49,13,863,HipLeft,0.3967662,-0.05808347,1.492941
49,13,863,KneeLeft,0.3459986,-0.3809684,1.624371
49,13,863,AnkleLeft,0.299877,-0.7178164,1.773099
49,13,863,FootLeft,0.3385648,-0.7761269,1.734502
49,13,863,HipRight,0.5093306,-0.05545086,1.533606
49,13,864,KneeRight,0.5085132,-0.3785305,1.702202
49,13,864,AnkleRight,0.4709066,-0.7136919,1.812065
49,13,864,FootRight,0.5049354,-0.7737252,1.769895
49,13,864,SpineShoulder,0.428515,0.496406,1.426604
49,13,864,HandTipLeft,0.2697769,-0.192544,1.425997
49,13,864,ThumbLeft,0.2212408,-0.1284672,1.419842
49,13,864,HandTipRight,0.6507006,-0.0765388,1.674789
49,13,864,ThumbRight,0.6461762,-0.06436424,1.661822
49,13,962,SpineBase,0.4662295,-0.05492374,1.547769
49,13,962,SpineMid,0.4468382,0.2674703,1.483387
49,13,962,Neck,0.4234059,0.5709636,1.408453
49,13,962,Head,0.5305457,0.6573805,1.423346
49,13,962,ShoulderLeft,0.3276101,0.4116991,1.359311
49,13,962,ElbowLeft,0.2469698,0.1672431,1.396526
49,13,962,WristLeft,0.2781439,-0.05792597,1.391029
49,13,962,HandLeft,0.2943986,-0.1175065,1.389932
49,13,962,ShoulderRight,0.5520787,0.4968865,1.528037
49,13,962,ElbowRight,0.5280266,0.2217014,1.444272
49,13,962,WristRight,0.6184011,0.03238811,1.612937
49,13,962,HandRight,0.6527132,-0.06584249,1.691737
49,13,962,HipLeft,0.4002208,-0.0553398,1.492039
49,13,962,KneeLeft,0.3511681,-0.3650719,1.616424
49,13,962,AnkleLeft,0.2999713,-0.7173799,1.773133
49,13,962,FootLeft,0.3387829,-0.7752756,1.734998
49,13,962,HipRight,0.5114671,-0.05226588,1.534116
49,13,962,KneeRight,0.5112902,-0.3690885,1.700475
49,13,962,AnkleRight,0.4707801,-0.7137334,1.8124
49,13,962,FootRight,0.5049039,-0.7736515,1.770044
49,13,962,SpineShoulder,0.4293167,0.4972492,1.429087
49,13,962,HandTipLeft,0.3100622,-0.1863026,1.396808
49,13,962,ThumbLeft,0.2548822,-0.1233507,1.4026
49,13,962,HandTipRight,0.6532813,-0.07768561,1.68371
49,13,962,ThumbRight,0.6449121,-0.06485984,1.668824
49,14,030,SpineBase,0.4698268,-0.05187149,1.547766
49,14,030,SpineMid,0.4480258,0.268685,1.484594
49,14,030,Neck,0.4234399,0.5720618,1.410679
49,14,031,Head,0.5307689,0.6585989,1.426607
49,14,031,ShoulderLeft,0.3276297,0.4116704,1.361031
49,14,031,ElbowLeft,0.2483609,0.1674863,1.396715
49,14,031,WristLeft,0.2879083,-0.05450118,1.385331
49,14,031,HandLeft,0.3099796,-0.1145358,1.380011
49,14,031,ShoulderRight,0.5517986,0.4984111,1.530664
49,14,031,ElbowRight,0.5269623,0.224023,1.446472
49,14,031,WristRight,0.6172629,0.03367854,1.613254
49,14,031,HandRight,0.6068945,-0.03363726,1.590495
49,14,031,HipLeft,0.4034863,-0.05308545,1.491475
49,14,031,KneeLeft,0.3507777,-0.3636887,1.615456
49,14,031,AnkleLeft,0.2998476,-0.7151465,1.772136
49,14,031,FootLeft,0.3381929,-0.7741494,1.735163
49,14,031,HipRight,0.5153099,-0.04829405,1.534924
49,14,031,KneeRight,0.5107436,-0.3711436,1.702237
49,14,031,AnkleRight,0.4704461,-0.7132475,1.812477
49,14,031,FootRight,0.5050542,-0.7737292,1.769951
49,14,031,SpineShoulder,0.4297596,0.4983769,1.431014
49,14,031,HandTipLeft,0.3267418,-0.1839464,1.38899
49,14,031,ThumbLeft,0.2744736,-0.126801,1.396467
49,14,031,HandTipRight,0.605372,-0.04484282,1.582538
49,14,031,ThumbRight,0.5985847,-0.03317669,1.568717
