24,24,649,SpineBase,-0.4667474,0.1703783,2.255687
24,24,650,SpineMid,-0.459866,0.4766319,2.163414
24,24,650,Neck,-0.4501641,0.7708496,2.059614
24,24,650,Head,-0.3962056,0.9004322,2.046227
24,24,650,ShoulderLeft,-0.5550525,0.6332007,1.995784
24,24,650,ElbowLeft,-0.6490113,0.3577755,2.059754
24,24,650,WristLeft,-0.6594012,0.1134635,2.053205
24,24,650,HandLeft,-0.6411613,0.07196365,2.071257
24,24,650,ShoulderRight,-0.3470786,0.6451461,2.196497
24,24,650,ElbowRight,-0.3489182,0.3905801,2.295371
24,24,650,WristRight,-0.3043129,0.1513611,2.310887
24,24,650,HandRight,-0.318488,0.06700108,2.303918
24,24,650,HipLeft,-0.5068446,0.1647379,2.176661
24,24,650,KneeLeft,-0.5387379,-0.139927,2.13498
24,24,650,AnkleLeft,-0.7235366,-0.436301,2.460321
24,24,650,FootLeft,-0.71875,-0.5068359,2.449219
24,24,650,HipRight,-0.4115739,0.1704918,2.261535
24,24,650,KneeRight,-0.4043055,-0.165511,2.327125
24,24,650,AnkleRight,-0.4646317,-0.5111939,2.466808
24,24,650,FootRight,-0.4394531,-0.5957031,2.443359
24,24,650,SpineShoulder,-0.4530776,0.699086,2.087614
24,24,650,HandTipLeft,-0.625838,0.006597307,2.089244
24,24,650,ThumbLeft,-0.5803404,0.09561782,2.043708
24,24,650,HandTipRight,-0.3264063,0.005249537,2.308505
24,24,650,ThumbRight,-0.2870489,0.04762119,2.304652
24,24,735,SpineBase,-0.424563,0.1763301,2.207779
24,24,735,SpineMid,-0.4186364,0.4766934,2.120086
24,24,735,Neck,-0.4101253,0.7650318,2.021009
24,24,735,Head,-0.3549772,0.8957416,2.005576
24,24,735,ShoulderLeft,-0.5188027,0.6273697,1.96137
24,24,735,ElbowLeft,-0.607394,0.3550996,2.027296
24,24,735,WristLeft,-0.6156945,0.112545,2.017124
24,24,735,HandLeft,-0.6051372,0.07316686,2.027497
24,24,735,ShoulderRight,-0.3028926,0.6378003,2.155015
24,24,735,ElbowRight,-0.2998579,0.3896417,2.256003
24,24,735,WristRight,-0.2591282,0.1509791,2.263943
24,24,735,HandRight,-0.2659484,0.08615879,2.25698
24,24,736,HipLeft,-0.4669171,0.1709108,2.129557
24,24,736,KneeLeft,-0.4508883,-0.1619951,2.070339
24,24,736,AnkleLeft,-0.5783703,-0.5139417,2.319428
24,24,736,FootLeft,-0.5415039,-0.5981445,2.304688
24,24,736,HipRight,-0.3683213,0.1759537,2.213424
24,24,736,KneeRight,-0.3432351,-0.1395873,2.31316
24,24,736,AnkleRight,-0.4655333,-0.5174927,2.465712
24,24,736,FootRight,-0.4519493,-0.6004889,2.436978
24,24,736,SpineShoulder,-0.4127004,0.6947311,2.047804
24,24,736,HandTipLeft,-0.6108426,0.01139277,2.031974
24,24,736,ThumbLeft,-0.5476724,0.0763213,2.010719
24,24,736,HandTipRight,-0.2623455,0.006996011,2.262223
24,24,736,ThumbRight,-0.2347868,0.09829792,2.243875
24,24,800,SpineBase,-0.4038453,0.1685115,2.167752
24,24,800,SpineMid,-0.4000795,0.4663852,2.091664
24,24,800,Neck,-0.3933345,0.7527607,2.001747
24,24,801,Head,-0.3360329,0.8824064,1.981848
24,24,801,ShoulderLeft,-0.4977187,0.6128908,1.937426
24,24,801,ElbowLeft,-0.5810832,0.3410713,2.001178
24,24,801,WristLeft,-0.5952197,0.09963731,1.997791
24,24,801,HandLeft,-0.5812988,0.06947965,1.999378
24,24,801,ShoulderRight,-0.2849005,0.6289446,2.131957
24,24,801,ElbowRight,-0.2736158,0.3714475,2.219368
24,24,801,WristRight,-0.2248683,0.12249,2.214012
24,24,801,HandRight,-0.2240493,0.06520456,2.212986
24,24,801,HipLeft,-0.4466469,0.1619702,2.09118
24,24,801,KneeLeft,-0.4042358,-0.2323482,2.041666
24,24,801,AnkleLeft,-0.4663673,-0.579674,2.219522
24,24,801,FootLeft,-0.4411621,-0.6499023,2.171875
24,24,801,HipRight,-0.3476657,0.1694745,2.172184
24,24,801,KneeRight,-0.3227437,-0.1484715,2.311526
24,24,801,AnkleRight,-0.451694,-0.565608,2.430827
24,24,801,FootRight,-0.4436035,-0.6220703,2.328125
24,24,801,SpineShoulder,-0.3955119,0.6829157,2.026455
24,24,801,HandTipLeft,-0.5807433,-0.01555059,2.013855
24,24,801,ThumbLeft,-0.525824,0.078074,1.977429
24,24,801,HandTipRight,-0.2225489,-0.005525316,2.222228
24,24,801,ThumbRight,-0.1972159,0.06761622,2.185
24,24,904,SpineBase,-0.3538712,0.1358775,2.111302
24,24,904,SpineMid,-0.3549102,0.4353316,2.032156
24,24,904,Neck,-0.3534918,0.7225603,1.941567
24,24,905,Head,-0.2995206,0.8515745,1.922295
24,24,905,ShoulderLeft,-0.4537049,0.5793578,1.877019
24,24,905,ElbowLeft,-0.5308028,0.3021799,1.940313
24,24,905,WristLeft,-0.5428759,0.07332512,1.932225
24,24,905,HandLeft,-0.5355321,0.03087885,1.944441
24,24,905,ShoulderRight,-0.2451975,0.6027928,2.066718
24,24,905,ElbowRight,-0.219286,0.3112607,2.163567
24,24,905,WristRight,-0.1712821,0.08711384,2.157897
24,24,905,HandRight,-0.1703508,0.03637715,2.158564
24,24,905,HipLeft,-0.3967866,0.1279015,2.031893
24,24,905,KneeLeft,-0.3494687,-0.2518525,1.991822
24,24,905,AnkleLeft,-0.3227013,-0.6250476,2.049402
24,24,905,FootLeft,-0.2598458,-0.7000774,1.977062
24,24,905,HipRight,-0.298948,0.1392073,2.118582
24,24,905,KneeRight,-0.2735559,-0.1249953,2.25029
24,24,905,AnkleRight,-0.4132118,-0.5378814,2.37027
24,24,905,FootRight,-0.4055176,-0.5945435,2.267578
24,24,905,SpineShoulder,-0.3542626,0.6525497,1.96623
24,24,905,HandTipLeft,-0.5332587,-0.04841256,1.957729
24,24,905,ThumbLeft,-0.4798459,0.05236982,1.931538
24,24,905,HandTipRight,-0.1725315,-0.03106356,2.166166
24,24,905,ThumbRight,-0.1436445,0.02427039,2.134667
24,25,004,SpineBase,-0.3051335,0.1091804,2.044096
24,25,004,SpineMid,-0.3131696,0.4086981,1.961495
24,25,004,Neck,-0.3186827,0.6957192,1.867325
24,25,004,Head,-0.2733414,0.8275166,1.848284
24,25,004,ShoulderLeft,-0.4132955,0.5458715,1.805845
24,25,004,ElbowLeft,-0.4762648,0.2703394,1.864272
24,25,004,WristLeft,-0.490249,0.03834017,1.85907
24,25,004,HandLeft,-0.4862083,-0.01230672,1.871602
24,25,004,ShoulderRight,-0.2046963,0.5767576,1.999359
24,25,004,ElbowRight,-0.1772862,0.307892,2.097638
24,25,004,WristRight,-0.1320315,0.08104143,2.110831
24,25,004,HandRight,-0.1289293,0.01676294,2.109928
24,25,004,HipLeft,-0.3478861,0.09994051,1.965654
24,25,004,KneeLeft,-0.3444104,-0.1940904,1.947907
24,25,004,AnkleLeft,-0.2585316,-0.6422312,1.985801
24,25,004,FootLeft,-0.1960847,-0.7158774,1.918802
24,25,004,HipRight,-0.2516835,0.1145542,2.050305
24,25,004,KneeRight,-0.2398361,-0.1829639,2.215023
24,25,004,AnkleRight,-0.4600615,-0.5546489,2.438475
24,25,004,FootRight,-0.4452807,-0.6260346,2.400131
24,25,004,SpineShoulder,-0.317721,0.6258014,1.892882
24,25,004,HandTipLeft,-0.4793977,-0.09340762,1.885985
24,25,004,ThumbLeft,-0.4515336,-0.01981601,1.851864
24,25,004,HandTipRight,-0.1302959,-0.0527676,2.11972
24,25,004,ThumbRight,-0.1020501,0.01488698,2.08452
24,25,101,SpineBase,-0.2556304,0.0968139,1.964283
24,25,101,SpineMid,-0.2701377,0.397718,1.879554
24,25,101,Neck,-0.2820864,0.6855707,1.783189
24,25,101,Head,-0.2399016,0.8181908,1.762775
24,25,101,ShoulderLeft,-0.3761221,0.5350187,1.725737
24,25,101,ElbowLeft,-0.4226952,0.2678563,1.779402
24,25,101,WristLeft,-0.4244169,0.0348135,1.771142
24,25,101,HandLeft,-0.4172987,-0.02307474,1.782254
24,25,101,ShoulderRight,-0.1602751,0.5763884,1.914272
24,25,101,ElbowRight,-0.1393248,0.3259816,2.017011
24,25,101,WristRight,-0.09138283,0.08902108,2.047963
24,25,101,HandRight,-0.0864417,0.02233846,2.057099
24,25,101,HipLeft,-0.3001667,0.08538014,1.888726
24,25,101,KneeLeft,-0.2542302,-0.2871512,1.874619
24,25,101,AnkleLeft,-0.252474,-0.6464068,1.979311
24,25,101,FootLeft,-0.1911856,-0.728925,1.921195
24,25,101,HipRight,-0.2017605,0.1046672,1.967448
24,25,101,KneeRight,-0.1852168,-0.1852168,2.146717
24,25,101,AnkleRight,-0.4352533,-0.5266782,2.417892
24,25,101,FootRight,-0.3693301,-0.5760109,2.331426
24,25,101,SpineShoulder,-0.2795113,0.615523,1.809278
24,25,101,HandTipLeft,-0.411058,-0.1030112,1.793534
24,25,101,ThumbLeft,-0.3813694,-0.02478182,1.759032
24,25,101,HandTipRight,-0.08718739,-0.04530074,2.070141
24,25,101,ThumbRight,-0.06335485,0.01602435,2.038111
24,25,169,SpineBase,-0.2181185,0.09871772,1.910935
24,25,169,SpineMid,-0.2382118,0.3945091,1.826387
24,25,169,Neck,-0.2557313,0.6770767,1.730251
24,25,169,Head,-0.2133431,0.8077072,1.703632
24,25,170,ShoulderLeft,-0.3492631,0.5254045,1.674852
24,25,170,ElbowLeft,-0.3913334,0.271019,1.719775
24,25,170,WristLeft,-0.3781219,0.03186073,1.711447
24,25,170,HandLeft,-0.3609789,-0.0301998,1.720103
24,25,170,ShoulderRight,-0.1289943,0.5721927,1.870167
24,25,170,ElbowRight,-0.1015911,0.2895502,1.982362
24,25,170,WristRight,-0.06454117,0.04224513,1.99812
24,25,170,HandRight,-0.06225204,0.004882621,2.01757
24,25,170,HipLeft,-0.2628678,0.08623597,1.836919
24,25,170,KneeLeft,-0.2629632,-0.2662445,1.863544
24,25,170,AnkleLeft,-0.2471165,-0.6496626,1.974418
24,25,170,FootLeft,-0.1904401,-0.7333425,1.924076
24,25,170,HipRight,-0.1652039,0.1074489,1.912631
24,25,170,KneeRight,-0.1479489,-0.2111771,2.032299
24,25,170,AnkleRight,-0.382313,-0.5224162,2.357627
24,25,170,FootRight,-0.3148964,-0.5725711,2.270395
24,25,170,SpineShoulder,-0.2517597,0.6083737,1.756268
24,25,170,HandTipLeft,-0.3517163,-0.112892,1.722985
24,25,170,ThumbLeft,-0.3282905,-0.02980206,1.694904
24,25,170,HandTipRight,-0.06627017,-0.04487982,2.023086
24,25,170,ThumbRight,-0.04778378,-0.01903682,2.011063
24,25,236,SpineBase,-0.1630068,0.08801911,1.88436
24,25,236,SpineMid,-0.1977217,0.3842449,1.789695
24,25,236,Neck,-0.2295898,0.6670719,1.683322
24,25,236,Head,-0.1809653,0.7927384,1.656173
24,25,236,ShoulderLeft,-0.3211066,0.5155334,1.629962
24,25,236,ElbowLeft,-0.3654333,0.2624838,1.664142
24,25,236,WristLeft,-0.3285551,0.02875167,1.653917
24,25,236,HandLeft,-0.3080465,-0.04649835,1.655622
24,25,236,ShoulderRight,-0.1054232,0.5620468,1.827312
24,25,236,ElbowRight,-0.07776573,0.2807275,1.934508
24,25,236,WristRight,-0.03538551,0.05087977,1.976214
24,25,236,HandRight,-0.02969643,0.009230147,1.982465
24,25,236,HipLeft,-0.2083015,0.07563173,1.808865
24,25,236,KneeLeft,-0.2404984,-0.2896002,1.818769
24,25,236,AnkleLeft,-0.2397501,-0.6607829,1.971045
24,25,236,FootLeft,-0.1935627,-0.7315302,1.927353
24,25,236,HipRight,-0.11154,0.09700409,1.887374
24,25,236,KneeRight,-0.1075087,-0.228026,1.947289
24,25,236,AnkleRight,-0.1756538,-0.5092379,2.157875
24,25,236,FootRight,-0.1088177,-0.559418,2.070469
24,25,236,SpineShoulder,-0.2220634,0.5983459,1.711893
24,25,236,HandTipLeft,-0.2915395,-0.1194513,1.65873
24,25,236,ThumbLeft,-0.2757155,-0.04735796,1.626866
24,25,236,HandTipRight,-0.02872537,-0.047127,1.988303
24,25,236,ThumbRight,-0.01378516,0.0003581057,1.975637
24,25,343,SpineBase,-0.1146175,0.07370958,1.815801
24,25,343,SpineMid,-0.1535149,0.3745149,1.728602
24,25,343,Neck,-0.1896787,0.6612236,1.62957
24,25,343,Head,-0.1294177,0.7821713,1.601849
24,25,344,ShoulderLeft,-0.2791102,0.5130887,1.575321
24,25,344,ElbowLeft,-0.3077002,0.2662742,1.585168
24,25,344,WristLeft,-0.2547408,0.01568124,1.571067
24,25,344,HandLeft,-0.2277918,-0.05235678,1.584953
24,25,344,ShoulderRight,-0.07025267,0.5564916,1.769513
24,25,344,ElbowRight,-0.03292315,0.2870127,1.910102
24,25,344,WristRight,0.002845194,-0.02303279,1.842625
24,25,344,HandRight,0.006991115,-0.1086661,1.81707
24,25,344,HipLeft,-0.1606065,0.06190249,1.737828
24,25,344,KneeLeft,-0.2127931,-0.324829,1.78255
24,25,344,AnkleLeft,-0.2368851,-0.664177,1.96983
24,25,344,FootLeft,-0.1972449,-0.7306372,1.932321
24,25,344,HipRight,-0.06415725,0.08254798,1.82112
24,25,344,KneeRight,-0.03795931,-0.2633681,1.88864
24,25,344,AnkleRight,-0.1716675,-0.5953788,2.151302
24,25,344,FootRight,-0.1416016,-0.6699219,2.128906
24,25,344,SpineShoulder,-0.1810511,0.591608,1.656296
24,25,344,HandTipLeft,-0.2120471,-0.1233231,1.577546
24,25,344,ThumbLeft,-0.1902237,-0.02541049,1.632957
24,25,344,HandTipRight,0.02165009,-0.1803005,1.816136
24,25,344,ThumbRight,0.03328849,-0.1337642,1.806696
24,25,438,SpineBase,-0.08182366,0.05871774,1.764303
24,25,438,SpineMid,-0.1123984,0.3602068,1.680509
24,25,438,Neck,-0.140824,0.6472342,1.584713
24,25,438,Head,-0.07169404,0.7631704,1.554529
24,25,438,ShoulderLeft,-0.2276915,0.498801,1.525685
24,25,438,ElbowLeft,-0.2510433,0.2423005,1.528741
24,25,438,WristLeft,-0.1827701,0.01487952,1.502832
24,25,438,HandLeft,-0.1557233,-0.05999915,1.499882
24,25,438,ShoulderRight,-0.02559599,0.5433646,1.721661
24,25,438,ElbowRight,0.0001789329,0.2616466,1.818332
24,25,438,WristRight,0.05032316,-0.04989183,1.77374
24,25,438,HandRight,0.06224744,-0.1334098,1.755271
24,25,438,HipLeft,-0.1276084,0.04431058,1.685902
24,25,438,KneeLeft,-0.1866294,-0.2922355,1.734851
24,25,438,AnkleLeft,-0.2308624,-0.6576754,1.964615
24,25,438,FootLeft,-0.1969996,-0.730178,1.932684
24,25,438,HipRight,-0.032789,0.07067554,1.769987
24,25,438,KneeRight,0.03115189,-0.2633737,1.817303
24,25,438,AnkleRight,0.004594433,-0.6496776,1.991749
24,25,438,FootRight,0.03842163,-0.7250977,1.967773
24,25,438,SpineShoulder,-0.1340406,0.5775859,1.610636
24,25,438,HandTipLeft,-0.1286644,-0.124823,1.504699
24,25,438,ThumbLeft,-0.1304143,-0.02562733,1.571625
24,25,438,HandTipRight,0.09396933,-0.2093905,1.760763
24,25,438,ThumbRight,0.09078211,-0.1370306,1.753385
24,25,506,SpineBase,-0.05779837,0.04392195,1.737376
24,25,507,SpineMid,-0.08187957,0.3454636,1.653379
24,25,507,Neck,-0.1032753,0.6323032,1.557037
24,25,507,Head,-0.03236158,0.7489148,1.525538
24,25,507,ShoulderLeft,-0.1947618,0.4855736,1.500517
24,25,508,ElbowLeft,-0.2190718,0.2346396,1.504196
24,25,508,WristLeft,-0.1379366,0.002035092,1.470662
24,25,508,HandLeft,-0.1093746,-0.06965408,1.458015
24,25,508,ShoulderRight,0.008912634,0.5266085,1.68555
24,25,508,ElbowRight,0.02455082,0.2176878,1.769721
24,25,508,WristRight,0.07293217,-0.09736093,1.733392
24,25,508,HandRight,0.08606621,-0.1832074,1.73411
24,25,509,HipLeft,-0.1060929,0.03177596,1.659413
24,25,509,KneeLeft,-0.1736676,-0.2942975,1.721062
24,25,509,AnkleLeft,-0.2289502,-0.6573343,1.962656
24,25,509,FootLeft,-0.1975636,-0.7297163,1.93305
24,25,510,HipRight,-0.007082909,0.05407663,1.742565
24,25,510,KneeRight,0.07419131,-0.2995224,1.794628
24,25,510,AnkleRight,0.1353431,-0.6895166,1.865224
24,25,510,FootRight,0.204834,-0.7602539,1.830078
24,25,510,SpineShoulder,-0.09827364,0.5627316,1.58312
24,25,510,HandTipLeft,-0.07942455,-0.1302849,1.461361
24,25,510,ThumbLeft,-0.1377147,-0.09208423,1.457692
24,25,510,HandTipRight,0.1160621,-0.2621852,1.734162
24,25,510,ThumbRight,0.1135049,-0.1507284,1.728533
24,25,610,SpineBase,0.004785657,0.007031524,1.690818
24,25,610,SpineMid,-0.01521178,0.3146734,1.612485
24,25,610,Neck,-0.03428493,0.6073149,1.52158
24,25,610,Head,0.03989641,0.7239426,1.490824
24,25,610,ShoulderLeft,-0.1311091,0.4622324,1.466602
24,25,610,ElbowLeft,-0.1662924,0.2215565,1.472376
24,25,610,WristLeft,-0.08432613,-0.02598349,1.434599
24,25,611,HandLeft,-0.05878413,-0.08758351,1.423894
24,25,611,ShoulderRight,0.08042641,0.4983037,1.647576
24,25,611,ElbowRight,0.0724029,0.2600605,1.625436
24,25,611,WristRight,0.1236189,-0.04955627,1.580391
24,25,611,HandRight,0.1606408,-0.138014,1.587827
24,25,611,HipLeft,-0.04536925,-0.0009006435,1.614627
24,25,611,KneeLeft,-0.1319539,-0.3146302,1.671332
24,25,611,AnkleLeft,-0.2233123,-0.6614739,1.958539
24,25,611,FootLeft,-0.1971094,-0.731692,1.932782
24,25,611,HipRight,0.05459951,0.01464024,1.694179
24,25,611,KneeRight,0.1289112,-0.3493643,1.741554
24,25,611,AnkleRight,0.234031,-0.6947875,1.783859
24,25,611,FootRight,0.3061957,-0.76253,1.721817
24,25,611,SpineShoulder,-0.02965054,0.536337,1.546319
24,25,611,HandTipLeft,-0.02797494,-0.1475014,1.42154
24,25,611,ThumbLeft,-0.08907664,-0.1132653,1.42996
24,25,611,HandTipRight,0.1901268,-0.2172394,1.587885
24,25,611,ThumbRight,0.1868802,-0.1059753,1.582287
24,25,702,SpineBase,0.07762709,-0.0160718,1.639313
24,25,702,SpineMid,0.06398619,0.2992077,1.56831
24,25,702,Neck,0.05025535,0.5987548,1.484466
24,25,702,Head,0.1241177,0.7129145,1.458866
24,25,702,ShoulderLeft,-0.05508184,0.4566002,1.433583
24,25,702,ElbowLeft,-0.1128201,0.2242643,1.456905
24,25,702,WristLeft,-0.06334378,-0.03871077,1.420807
24,25,702,HandLeft,-0.04384275,-0.09158608,1.413353
24,25,702,ShoulderRight,0.1612527,0.4725373,1.601685
24,25,702,ElbowRight,0.1712075,0.2408587,1.615974
24,25,702,WristRight,0.1733494,-0.06867346,1.602213
24,25,702,HandRight,0.1911624,-0.1541504,1.609689
24,25,702,HipLeft,0.0238565,-0.02060242,1.565555
24,25,702,KneeLeft,-0.06881715,-0.3011614,1.613904
24,25,702,AnkleLeft,-0.2080154,-0.6422205,1.929041
24,25,702,FootLeft,-0.1968411,-0.729182,1.930496
24,25,702,HipRight,0.1278033,-0.01084186,1.640207
24,25,702,KneeRight,0.2038317,-0.351183,1.67885
24,25,702,AnkleRight,0.2709224,-0.7154938,1.745447
24,25,702,FootRight,0.3227093,-0.76027,1.65596
24,25,702,SpineShoulder,0.05370872,0.5261348,1.507441
24,25,702,HandTipLeft,-0.01783563,-0.1607033,1.408096
24,25,702,ThumbLeft,-0.08081032,-0.1017125,1.432167
24,25,703,HandTipRight,0.2109131,-0.2331311,1.607126
24,25,703,ThumbRight,0.2277361,-0.120317,1.611044
24,25,806,SpineBase,0.1417768,-0.021902,1.59116
24,25,806,SpineMid,0.1389025,0.2989731,1.524071
24,25,806,Neck,0.1347186,0.6033163,1.444103
24,25,806,Head,0.2116973,0.71082,1.42689
24,25,806,ShoulderLeft,0.02251645,0.4656566,1.394436
24,25,806,ElbowLeft,-0.06731112,0.2011827,1.449316
24,25,806,WristLeft,-0.06061689,-0.03441392,1.422177
24,25,806,HandLeft,-0.0423496,-0.08029709,1.431153
24,25,806,ShoulderRight,0.2500243,0.4606907,1.568266
24,25,806,ElbowRight,0.2575649,0.2345054,1.598056
24,25,806,WristRight,0.2823609,-0.0700087,1.586584
24,25,806,HandRight,0.2794462,-0.153914,1.575687
24,25,806,HipLeft,0.08764646,-0.02304755,1.519221
24,25,806,KneeLeft,-9.68609E-05,-0.3265513,1.571874
24,25,806,AnkleLeft,-0.1775803,-0.6527702,1.886573
24,25,807,FootLeft,-0.1703105,-0.7221395,1.873155
24,25,807,HipRight,0.1892737,-0.0197607,1.590286
24,25,807,KneeRight,0.2552454,-0.3394061,1.628948
24,25,807,AnkleRight,0.2710915,-0.7176232,1.744683
24,25,807,FootRight,0.314835,-0.7882947,1.706332
24,25,807,SpineShoulder,0.1359646,0.5295895,1.466079
24,25,807,HandTipLeft,-0.0366809,-0.148293,1.426985
24,25,807,ThumbLeft,-0.08466528,-0.0814859,1.444291
24,25,807,HandTipRight,0.3009993,-0.2326059,1.57934
24,25,807,ThumbRight,0.2895302,-0.1123121,1.574167
24,25,867,SpineBase,0.1617295,-0.02742483,1.574807
24,25,867,SpineMid,0.1713376,0.2946354,1.503653
24,25,867,Neck,0.1813779,0.6006159,1.419545
24,25,867,Head,0.2610162,0.7030491,1.405573
24,25,867,ShoulderLeft,0.05805746,0.4636723,1.377388
24,25,867,ElbowLeft,-0.0561154,0.1972596,1.444525
24,25,867,WristLeft,-0.05577497,-0.03186252,1.424521
24,25,867,HandLeft,-0.03864585,-0.07488822,1.440454
24,25,867,ShoulderRight,0.299085,0.4512776,1.546661
24,25,867,ElbowRight,0.3086782,0.2278458,1.576903
24,25,867,WristRight,0.3325292,-0.07338611,1.564173
24,25,867,HandRight,0.315276,-0.1507796,1.563624
24,25,867,HipLeft,0.1049145,-0.02612206,1.503624
24,25,867,KneeLeft,0.0481989,-0.3264051,1.518187
24,25,867,AnkleLeft,-0.1417665,-0.6436695,1.827544
24,25,867,FootLeft,-0.1413338,-0.7154282,1.836422
24,25,868,HipRight,0.2111629,-0.02771373,1.572987
24,25,868,KneeRight,0.2721041,-0.3514296,1.616101
24,25,868,AnkleRight,0.2742698,-0.7223044,1.747424
24,25,868,FootRight,0.3154447,-0.7905951,1.706485
24,25,868,SpineShoulder,0.1796394,0.5264114,1.442179
24,25,868,HandTipLeft,-0.04150234,-0.1458543,1.449265
24,25,868,ThumbLeft,-0.08332899,-0.08388039,1.449472
24,25,868,HandTipRight,0.3412471,-0.2390076,1.578951
24,25,868,ThumbRight,0.3201368,-0.1164793,1.5638
24,26,003,SpineBase,0.2230424,-0.02544128,1.547798
24,26,003,SpineMid,0.2332572,0.290841,1.470372
24,26,004,Neck,0.2404819,0.59047,1.380135
24,26,004,Head,0.3231847,0.6845305,1.363271
24,26,004,ShoulderLeft,0.1124534,0.4581859,1.342591
24,26,004,ElbowLeft,-0.001466457,0.1854285,1.422562
24,26,004,WristLeft,-0.0384503,-0.03657813,1.423305
24,26,004,HandLeft,-0.02408225,-0.0656777,1.434777
24,26,004,ShoulderRight,0.3656707,0.4416837,1.508139
24,26,004,ElbowRight,0.3678746,0.2007779,1.613708
24,26,004,WristRight,0.3878037,-0.02233708,1.617533
24,26,004,HandRight,0.3900896,-0.1059742,1.610581
24,26,004,HipLeft,0.1632419,-0.02010996,1.477158
24,26,004,KneeLeft,0.10279,-0.3216129,1.443853
24,26,004,AnkleLeft,-0.01458842,-0.7280049,1.691043
24,26,004,FootLeft,-0.006160736,-0.7944336,1.639648
24,26,004,HipRight,0.2722135,-0.02956515,1.545833
24,26,004,KneeRight,0.3090558,-0.3387291,1.569168
24,26,004,AnkleRight,0.2780592,-0.7243094,1.743032
24,26,004,FootRight,0.3152996,-0.793533,1.703544
24,26,004,SpineShoulder,0.2391225,0.5179654,1.404648
24,26,004,HandTipLeft,-0.03223489,-0.1359927,1.447573
24,26,004,ThumbLeft,-0.0664763,-0.06058479,1.453786
24,26,004,HandTipRight,0.3898703,-0.1764531,1.616844
24,26,004,ThumbRight,0.4133859,-0.1112195,1.6121
24,26,082,SpineBase,0.2295704,-0.02902698,1.540269
24,26,082,SpineMid,0.239538,0.2881049,1.463342
24,26,082,Neck,0.2464485,0.5884357,1.373523
24,26,082,Head,0.3294491,0.6817935,1.355942
24,26,082,ShoulderLeft,0.1184139,0.4552754,1.335307
24,26,082,ElbowLeft,0.007988954,0.1802049,1.415165
24,26,083,WristLeft,-0.02155527,-0.04347526,1.415334
24,26,083,HandLeft,-0.00504821,-0.0707656,1.41937
24,26,083,ShoulderRight,0.3734084,0.4387996,1.497582
24,26,083,ElbowRight,0.3761417,0.219387,1.598439
24,26,083,WristRight,0.4040457,-0.006708032,1.586455
24,26,083,HandRight,0.4086128,-0.1029752,1.584345
24,26,083,HipLeft,0.1702892,-0.02543295,1.468349
24,26,083,KneeLeft,0.1127865,-0.3473344,1.43642
24,26,083,AnkleLeft,0.0563,-0.7687691,1.618251
24,26,083,FootLeft,0.06526606,-0.8321347,1.563877
24,26,083,HipRight,0.2779504,-0.03151995,1.539384
24,26,083,KneeRight,0.3079845,-0.3470135,1.564034
24,26,083,AnkleRight,0.2789925,-0.725722,1.74334
24,26,083,FootRight,0.3166595,-0.798141,1.690411
24,26,083,SpineShoulder,0.2451775,0.5157729,1.397936
24,26,083,HandTipLeft,-0.01212222,-0.144233,1.442222
24,26,083,ThumbLeft,-0.04648755,-0.07098086,1.445393
24,26,083,HandTipRight,0.4087712,-0.1752314,1.586063
24,26,083,ThumbRight,0.4326583,-0.1115525,1.578923
24,26,170,SpineBase,0.2510623,-0.04966932,1.496217
24,26,170,SpineMid,0.253847,0.2768556,1.431235
24,26,170,Neck,0.2546156,0.5840278,1.352025
24,26,170,Head,0.3408833,0.6716364,1.333906
24,26,170,ShoulderLeft,0.1373495,0.4409052,1.303892
24,26,170,ElbowLeft,0.04063683,0.1696909,1.369558
24,26,170,WristLeft,0.03217817,-0.05588514,1.365663
24,26,170,HandLeft,0.02841956,-0.09030776,1.382154
24,26,170,ShoulderRight,0.3824793,0.432492,1.478855
24,26,170,ElbowRight,0.3897075,0.22489,1.570061
24,26,170,WristRight,0.4235198,-0.05365245,1.543406
24,26,170,HandRight,0.4286128,-0.1053064,1.535096
24,26,170,HipLeft,0.1907494,-0.04546376,1.42276
24,26,170,KneeLeft,0.1209674,-0.3635182,1.43488
24,26,170,AnkleLeft,0.1207544,-0.7765185,1.521119
24,26,170,FootLeft,0.169853,-0.8178332,1.431456
24,26,170,HipRight,0.299008,-0.05145122,1.497172
24,26,170,KneeRight,0.3110159,-0.3522888,1.555834
24,26,171,AnkleRight,0.280135,-0.7247146,1.739544
24,26,171,FootRight,0.316481,-0.7985146,1.690413
24,26,171,SpineShoulder,0.2547198,0.5099395,1.374009
24,26,171,HandTipLeft,0.009838742,-0.158004,1.419615
24,26,171,ThumbLeft,-0.007138588,-0.07416508,1.394105
24,26,171,HandTipRight,0.437447,-0.15467,1.532903
24,26,171,ThumbRight,0.4618251,-0.1248326,1.5344
24,26,235,SpineBase,0.2618953,-0.05453463,1.48955
24,26,235,SpineMid,0.2581647,0.2734129,1.422883
24,26,235,Neck,0.2532589,0.5819443,1.340581
24,26,235,Head,0.3396114,0.6683031,1.326988
24,26,235,ShoulderLeft,0.1395142,0.433957,1.290269
24,26,235,ElbowLeft,0.04823606,0.1575627,1.346758
24,26,235,WristLeft,0.05241624,-0.08793002,1.333305
24,26,235,HandLeft,0.05511277,-0.1185739,1.347805
24,26,235,ShoulderRight,0.3760771,0.4297131,1.459418
24,26,235,ElbowRight,0.3889761,0.2251962,1.567074
24,26,235,WristRight,0.4278743,-0.0586798,1.529231
24,26,235,HandRight,0.4325872,-0.1081719,1.511182
24,26,235,HipLeft,0.2024719,-0.05057142,1.416471
24,26,235,KneeLeft,0.1370595,-0.3772606,1.432911
24,26,235,AnkleLeft,0.1209837,-0.7743658,1.520787
24,26,235,FootLeft,0.1702327,-0.8154169,1.431278
24,26,235,HipRight,0.3084829,-0.05587162,1.490077
24,26,235,KneeRight,0.3440118,-0.3373355,1.538183
24,26,235,AnkleRight,0.2806456,-0.7246044,1.739028
24,26,235,FootRight,0.3166656,-0.7995784,1.688617
24,26,236,SpineShoulder,0.2549194,0.5074604,1.363444
24,26,236,HandTipLeft,0.042309,-0.1804808,1.375854
24,26,236,ThumbLeft,0.01441324,-0.1227271,1.35945
24,26,236,HandTipRight,0.4552175,-0.1705052,1.503321
24,26,236,ThumbRight,0.4676107,-0.1314981,1.509571
24,26,334,SpineBase,0.2916397,-0.0623332,1.447049
24,26,335,SpineMid,0.265025,0.26977,1.391589
24,26,335,Neck,0.2434983,0.5817248,1.316232
24,26,335,Head,0.3336084,0.6705052,1.312777
24,26,335,ShoulderLeft,0.1387386,0.4234183,1.257936
24,26,335,ElbowLeft,0.06911135,0.1564264,1.290581
24,26,335,WristLeft,0.08656058,-0.06833931,1.271398
24,26,335,HandLeft,0.1017334,-0.1150428,1.277505
24,26,335,ShoulderRight,0.3508219,0.4454882,1.413412
24,26,335,ElbowRight,0.3652324,0.242947,1.522884
24,26,335,WristRight,0.4308413,-0.05249659,1.48934
24,26,335,HandRight,0.4305244,-0.09166718,1.484128
24,26,335,HipLeft,0.232689,-0.06314776,1.374215
24,26,335,KneeLeft,0.151064,-0.3851945,1.407028
24,26,335,AnkleLeft,0.1211586,-0.7744201,1.520572
24,26,335,FootLeft,0.1725221,-0.814018,1.431821
24,26,335,HipRight,0.3354298,-0.0583822,1.448153
24,26,335,KneeRight,0.3626116,-0.3255264,1.512023
24,26,335,AnkleRight,0.2811654,-0.7261929,1.735463
24,26,335,FootRight,0.3175953,-0.8005964,1.687703
24,26,335,SpineShoulder,0.2490278,0.5064518,1.337806
24,26,335,HandTipLeft,0.1077247,-0.191387,1.281288
24,26,335,ThumbLeft,0.05701578,-0.1227188,1.27814
24,26,335,HandTipRight,0.4622211,-0.1537202,1.481256
24,26,335,ThumbRight,0.4602455,-0.114525,1.47425
24,26,408,SpineBase,0.294233,-0.0635834,1.444627
24,26,408,SpineMid,0.2658278,0.2686331,1.384076
24,26,408,Neck,0.2371444,0.5818478,1.304387
24,26,408,Head,0.3273984,0.6715274,1.305626
24,26,408,ShoulderLeft,0.1373085,0.4186071,1.247805
24,26,408,ElbowLeft,0.07383232,0.1372202,1.269166
24,26,408,WristLeft,0.1107272,-0.08340241,1.23134
24,26,408,HandLeft,0.1229893,-0.1270998,1.232581
24,26,408,ShoulderRight,0.3425033,0.4396639,1.403067
24,26,408,ElbowRight,0.3569719,0.2370807,1.512479
24,26,408,WristRight,0.4272912,-0.0571217,1.481148
24,26,408,HandRight,0.4294454,-0.1294352,1.474308
24,26,408,HipLeft,0.2357361,-0.06654191,1.370024
24,26,408,KneeLeft,0.1622573,-0.3786819,1.38618
24,26,408,AnkleLeft,0.1212849,-0.7764907,1.520371
24,26,408,FootLeft,0.1735893,-0.8157834,1.432482
24,26,409,HipRight,0.3378527,-0.05820334,1.446478
24,26,409,KneeRight,0.3731894,-0.3283104,1.494392
24,26,409,AnkleRight,0.2813715,-0.7278059,1.734701
24,26,409,FootRight,0.3188683,-0.8031793,1.684074
24,26,409,SpineShoulder,0.2448366,0.5061669,1.326754
24,26,409,HandTipLeft,0.1374256,-0.1966769,1.232184
24,26,409,ThumbLeft,0.09573464,-0.1394888,1.217375
24,26,409,HandTipRight,0.4267404,-0.1857906,1.462696
24,26,409,ThumbRight,0.4510795,-0.152013,1.459182
24,26,505,SpineBase,0.2943637,-0.06508125,1.443618
24,26,506,SpineMid,0.2632785,0.2676678,1.378381
24,26,506,Neck,0.228802,0.5830911,1.293605
24,26,506,Head,0.31903,0.6757034,1.30378
24,26,506,ShoulderLeft,0.1351475,0.4088657,1.228153
24,26,506,ElbowLeft,0.08292179,0.1236692,1.234154
24,26,506,WristLeft,0.142694,-0.08970132,1.183912
24,26,506,HandLeft,0.1621952,-0.1280423,1.190921
24,26,506,ShoulderRight,0.3338249,0.438247,1.39371
24,26,506,ElbowRight,0.3483666,0.235578,1.503083
24,26,506,WristRight,0.4246298,-0.05726091,1.47907
24,26,506,HandRight,0.4264788,-0.1287633,1.471387
24,26,506,HipLeft,0.2364697,-0.07246044,1.365865
24,26,506,KneeLeft,0.1649542,-0.3788794,1.381275
24,26,506,AnkleLeft,0.1207697,-0.7777691,1.520273
24,26,510,FootLeft,0.176217,-0.81626,1.435147
24,26,510,HipRight,0.3378388,-0.05813899,1.446613
24,26,510,KneeRight,0.3443056,-0.3400862,1.45678
24,26,510,AnkleRight,0.2815417,-0.7439135,1.736369
24,26,510,FootRight,0.3183089,-0.8027922,1.683486
24,26,510,SpineShoulder,0.2379797,0.5067596,1.317037
24,26,510,HandTipLeft,0.1852503,-0.1956219,1.183561
24,26,510,ThumbLeft,0.1423631,-0.128095,1.151647
24,26,510,HandTipRight,0.4216645,-0.1760493,1.462121
24,26,510,ThumbRight,0.4779914,-0.1261437,1.435667
24,26,604,SpineBase,0.2915663,-0.06590974,1.443985
24,26,604,SpineMid,0.2596368,0.2679417,1.376579
24,26,604,Neck,0.225203,0.5842363,1.291003
24,26,604,Head,0.3144975,0.6803323,1.303875
24,26,604,ShoulderLeft,0.134949,0.405854,1.221383
24,26,604,ElbowLeft,0.09953891,0.1093884,1.215008
24,26,604,WristLeft,0.1493926,-0.1085816,1.17929
24,26,604,HandLeft,0.1711712,-0.1275257,1.169563
24,26,604,ShoulderRight,0.3300267,0.4386155,1.391362
24,26,605,ElbowRight,0.3446019,0.2358963,1.5007
24,26,605,WristRight,0.4237938,-0.04565888,1.492825
24,26,605,HandRight,0.4216211,-0.1160164,1.48924
24,26,605,HipLeft,0.2335955,-0.07491384,1.363618
24,26,605,KneeLeft,0.1643781,-0.3782699,1.380631
24,26,605,AnkleLeft,0.1203021,-0.7783364,1.520123
24,26,605,FootLeft,0.177149,-0.8164281,1.436295
24,26,605,HipRight,0.3326199,-0.05630564,1.450788
24,26,605,KneeRight,0.3154184,-0.3485604,1.449917
24,26,605,AnkleRight,0.2795022,-0.7305359,1.735454
24,26,605,FootRight,0.3214338,-0.8050284,1.677128
24,26,605,SpineShoulder,0.2341879,0.5077615,1.31451
24,26,605,HandTipLeft,0.1974268,-0.1905099,1.156444
24,26,605,ThumbLeft,0.1486289,-0.1333307,1.137465
24,26,605,HandTipRight,0.4299933,-0.1752961,1.476748
24,26,605,ThumbRight,0.4147717,-0.105257,1.446579
24,26,705,SpineBase,0.2854961,-0.06449466,1.4541
24,26,705,SpineMid,0.2566848,0.2696445,1.379527
24,26,705,Neck,0.2237799,0.585805,1.291614
24,26,705,Head,0.3116822,0.6860586,1.308728
24,26,705,ShoulderLeft,0.1351314,0.4052679,1.221129
24,26,705,ElbowLeft,0.100726,0.1056565,1.214464
24,26,705,WristLeft,0.1515438,-0.1119794,1.177816
24,26,705,HandLeft,0.1627904,-0.1282335,1.176115
24,26,705,ShoulderRight,0.3285677,0.4397607,1.392049
24,26,705,ElbowRight,0.3431568,0.237009,1.501356
24,26,705,WristRight,0.4192486,-0.04451125,1.500206
24,26,705,HandRight,0.416513,-0.1112114,1.515347
24,26,705,HipLeft,0.2309505,-0.07541162,1.368043
24,26,705,KneeLeft,0.1630881,-0.3772778,1.381825
24,26,705,AnkleLeft,0.1199555,-0.7787933,1.519619
24,26,705,FootLeft,0.1771812,-0.8170056,1.436246
24,26,705,HipRight,0.3232177,-0.04976147,1.469677
24,26,705,KneeRight,0.298461,-0.3548607,1.454397
24,26,705,AnkleRight,0.2771196,-0.7327491,1.733878
24,26,705,FootRight,0.3281082,-0.8086727,1.670914
24,26,705,SpineShoulder,0.2324484,0.5093841,1.315547
24,26,705,HandTipLeft,0.191593,-0.1896592,1.168004
24,26,705,ThumbLeft,0.1516383,-0.1337762,1.140017
24,26,705,HandTipRight,0.4217029,-0.1708055,1.501624
24,26,705,ThumbRight,0.4018517,-0.1188256,1.471214
24,26,768,SpineBase,0.2763775,-0.06280605,1.45859
24,26,768,SpineMid,0.2520313,0.2723856,1.384535
24,26,768,Neck,0.2230442,0.5894576,1.297506
24,26,768,Head,0.3119811,0.6912141,1.321368
24,26,768,ShoulderLeft,0.135591,0.405952,1.224198
24,26,768,ElbowLeft,0.09717468,0.1064282,1.225455
24,26,768,WristLeft,0.1481548,-0.1106982,1.184915
24,26,768,HandLeft,0.1489157,-0.1254995,1.200806
24,26,768,ShoulderRight,0.3276331,0.4429076,1.398037
24,26,768,ElbowRight,0.3422463,0.2401391,1.507311
24,26,768,WristRight,0.4109266,-0.05289451,1.529531
24,26,768,HandRight,0.4132147,-0.1046415,1.539449
24,26,768,HipLeft,0.2211755,-0.07269892,1.370476
24,26,768,KneeLeft,0.1580251,-0.3777251,1.389071
24,26,768,AnkleLeft,0.1198563,-0.7784213,1.519384
24,26,768,FootLeft,0.1778334,-0.8165478,1.436712
24,26,768,HipRight,0.3168125,-0.04945259,1.474348
24,26,768,KneeRight,0.2981015,-0.3569494,1.464748
24,26,768,AnkleRight,0.2769782,-0.7328057,1.734026
24,26,768,FootRight,0.3270576,-0.8085681,1.668839
24,26,768,SpineShoulder,0.2307281,0.51276,1.321093
24,26,768,HandTipLeft,0.1739232,-0.1885339,1.195975
24,26,768,ThumbLeft,0.1043644,-0.09990163,1.257875
24,26,768,HandTipRight,0.4175535,-0.1645224,1.524684
24,26,768,ThumbRight,0.3987951,-0.0997503,1.489343
24,26,875,SpineBase,0.2556397,-0.05132482,1.495529
24,26,875,SpineMid,0.2441026,0.2812593,1.419012
24,26,875,Neck,0.2281713,0.5962823,1.331042
24,26,875,Head,0.3184252,0.6931052,1.35039
24,26,875,ShoulderLeft,0.1336568,0.41807,1.270248
24,26,875,ElbowLeft,0.0691504,0.140185,1.283271
24,26,875,WristLeft,0.1073795,-0.07969715,1.2501
24,26,875,HandLeft,0.1148151,-0.1161208,1.250944
24,26,875,ShoulderRight,0.3323884,0.4492573,1.431866
24,26,875,ElbowRight,0.2389504,0.1659547,1.338906
24,26,875,WristRight,0.3762794,-0.005678903,1.528351
24,26,875,HandRight,0.4067405,-0.08283822,1.574362
24,26,875,HipLeft,0.1977485,-0.0586351,1.4051
24,26,875,KneeLeft,0.1434736,-0.3765002,1.4082
24,26,875,AnkleLeft,0.1197598,-0.7786108,1.518777
24,26,875,FootLeft,0.1738627,-0.817921,1.433344
24,26,875,HipRight,0.3008267,-0.04158267,1.511835
24,26,875,KneeRight,0.3210874,-0.3570713,1.559136
24,26,875,AnkleRight,0.2764218,-0.7326081,1.734118
24,26,875,FootRight,0.3209553,-0.8034185,1.678226
24,26,875,SpineShoulder,0.232556,0.5200822,1.354748
24,26,875,HandTipLeft,0.1336235,-0.1834381,1.254143
24,26,875,ThumbLeft,0.07730059,-0.1175518,1.2645
24,26,875,HandTipRight,0.4070518,-0.1369679,1.606211
24,26,875,ThumbRight,0.4186194,-0.1306957,1.543805
24,26,966,SpineBase,0.238861,-0.03436726,1.5245
24,26,966,SpineMid,0.2346392,0.2904864,1.445535
24,26,966,Neck,0.2261251,0.5990072,1.353524
24,26,967,Head,0.3155218,0.692997,1.368007
24,26,967,ShoulderLeft,0.1249688,0.4364762,1.300218
24,26,967,ElbowLeft,0.04218894,0.1688812,1.335994
24,26,967,WristLeft,0.07013877,-0.05860443,1.310252
24,26,967,HandLeft,0.07769165,-0.1058049,1.312877
24,26,967,ShoulderRight,0.3315136,0.4687177,1.515057
24,26,967,ElbowRight,0.3619168,0.1826113,1.600679
24,26,967,WristRight,0.3910186,-0.03618778,1.610287
24,26,967,HandRight,0.4008192,-0.09090714,1.610139
24,26,967,HipLeft,0.1860424,-0.03361209,1.441889
24,26,967,KneeLeft,0.1134085,-0.341046,1.434867
24,26,967,AnkleLeft,0.1179433,-0.7764227,1.518336
24,26,967,FootLeft,0.1790648,-0.814635,1.440143
24,26,967,HipRight,0.2799657,-0.03146923,1.535545
24,26,967,KneeRight,0.2891687,-0.3608945,1.589331
24,26,967,AnkleRight,0.2756651,-0.730794,1.734021
24,26,967,FootRight,0.3238605,-0.8055331,1.674649
24,26,967,SpineShoulder,0.2287914,0.5242824,1.378407
24,26,967,HandTipLeft,0.09130722,-0.1727532,1.315604
24,26,967,ThumbLeft,0.03776044,-0.09871405,1.323769
24,26,967,HandTipRight,0.4026298,-0.1592191,1.606907
24,26,967,ThumbRight,0.3931573,-0.08222461,1.566765
24,27,076,SpineBase,0.2198631,-0.02346712,1.552711
24,27,076,SpineMid,0.2158153,0.2995266,1.476583
24,27,076,Neck,0.2097483,0.605046,1.386617
24,27,076,Head,0.2960803,0.6995384,1.397977
24,27,076,ShoulderLeft,0.1044916,0.4487827,1.334432
24,27,076,ElbowLeft,0.01260655,0.1758806,1.379967
24,27,076,WristLeft,0.03346546,-0.0492194,1.352291
24,27,076,HandLeft,0.04163965,-0.09670202,1.35879
24,27,076,ShoulderRight,0.3241489,0.4674971,1.532546
24,27,076,ElbowRight,0.355834,0.180749,1.610722
24,27,076,WristRight,0.3697309,-0.03433748,1.645764
24,27,076,HandRight,0.3761866,-0.08393762,1.648332
24,27,076,HipLeft,0.1680649,-0.02307994,1.469448
24,27,076,KneeLeft,0.1032775,-0.3334198,1.446247
24,27,076,AnkleLeft,0.08093306,-0.7984897,1.60296
24,27,076,FootLeft,0.08821176,-0.8536433,1.533584
24,27,076,HipRight,0.2620764,-0.02292618,1.560709
24,27,076,KneeRight,0.2661071,-0.3708456,1.61412
24,27,076,AnkleRight,0.2749345,-0.7290992,1.733944
24,27,076,FootRight,0.3177502,-0.801631,1.681761
24,27,076,SpineShoulder,0.2115634,0.5311729,1.411204
24,27,076,HandTipLeft,0.04788026,-0.1650475,1.353548
24,27,076,ThumbLeft,0.0002844192,-0.09602891,1.365189
24,27,076,HandTipRight,0.3744275,-0.1517136,1.646687
24,27,076,ThumbRight,0.3728155,-0.08163125,1.605212
24,27,174,SpineBase,0.2021017,-0.02018502,1.568306
24,27,174,SpineMid,0.1915065,0.3032556,1.499231
24,27,174,Neck,0.1777923,0.6094599,1.418688
24,27,174,Head,0.2576474,0.714395,1.430893
24,27,174,ShoulderLeft,0.08115035,0.4565336,1.357059
24,27,174,ElbowLeft,-0.007990255,0.1809688,1.401985
24,27,175,WristLeft,-0.00204745,-0.04237719,1.386414
24,27,175,HandLeft,0.01073825,-0.09359191,1.392035
24,27,175,ShoulderRight,0.287277,0.4754093,1.562366
24,27,175,ElbowRight,0.3136251,0.1855527,1.640161
24,27,175,WristRight,0.3445364,-0.02989032,1.672312
24,27,175,HandRight,0.3490074,-0.09116209,1.67405
24,27,175,HipLeft,0.1489301,-0.01766551,1.490844
24,27,175,KneeLeft,0.06499504,-0.3459678,1.488771
24,27,175,AnkleLeft,-0.0001851567,-0.7474467,1.722962
24,27,175,FootLeft,0.01287041,-0.8069993,1.660702
24,27,175,HipRight,0.2448913,-0.02132562,1.572659
24,27,175,KneeRight,0.2620555,-0.3641924,1.6208
24,27,175,AnkleRight,0.2738882,-0.7276611,1.734069
24,27,175,FootRight,0.3168498,-0.8007321,1.684288
24,27,175,SpineShoulder,0.1816378,0.5353652,1.440626
24,27,175,HandTipLeft,0.01478036,-0.1669492,1.393016
24,27,175,ThumbLeft,-0.03278328,-0.1033294,1.400962
24,27,175,HandTipRight,0.3490377,-0.137132,1.672424
24,27,175,ThumbRight,0.3218828,-0.08507128,1.630643
24,27,234,SpineBase,0.1844254,-0.01608691,1.579625
24,27,234,SpineMid,0.1721077,0.3067739,1.512038
24,27,234,Neck,0.1591299,0.6121904,1.431108
24,27,235,Head,0.2307478,0.7198593,1.445845
24,27,235,ShoulderLeft,0.05743925,0.4602582,1.37367
24,27,235,ElbowLeft,-0.02059345,0.1831204,1.410246
24,27,235,WristLeft,-0.01214267,-0.03926479,1.392608
24,27,235,HandLeft,-0.005831082,-0.09223943,1.409772
24,27,235,ShoulderRight,0.2649709,0.4910083,1.57189
24,27,235,ElbowRight,0.2808678,0.1944452,1.626535
24,27,235,WristRight,0.3033733,-0.02141654,1.658803
24,27,235,HandRight,0.322456,-0.07806215,1.700911
24,27,235,HipLeft,0.1341603,-0.01459979,1.501235
24,27,235,KneeLeft,0.0607383,-0.3351688,1.496506
24,27,235,AnkleLeft,-0.04763422,-0.7098775,1.771209
24,27,235,FootLeft,-0.03765869,-0.7773438,1.737305
24,27,235,HipRight,0.2261089,-0.01674418,1.583603
24,27,235,KneeRight,0.2568759,-0.3612506,1.627573
24,27,235,AnkleRight,0.2728622,-0.7269261,1.735498
24,27,235,FootRight,0.3163293,-0.7993183,1.690835
24,27,235,SpineShoulder,0.1624939,0.5383061,1.453384
24,27,235,HandTipLeft,-0.007352941,-0.1660551,1.410676
24,27,235,ThumbLeft,-0.045016,-0.08852593,1.401044
24,27,235,HandTipRight,0.3327791,-0.1222222,1.724421
24,27,235,ThumbRight,0.3158024,-0.1066048,1.675667
24,27,334,SpineBase,0.137695,-0.01034391,1.612362
24,27,334,SpineMid,0.1185687,0.3093837,1.541885
24,27,334,Neck,0.09901046,0.6123416,1.458246
24,27,334,Head,0.1795222,0.7191392,1.46716
24,27,334,ShoulderLeft,0.004699041,0.4569401,1.400742
24,27,334,ElbowLeft,-0.04653237,0.1834927,1.424367
24,27,334,WristLeft,-0.03357572,-0.03994542,1.409812
24,27,334,HandLeft,-0.03093026,-0.1004312,1.424959
24,27,334,ShoulderRight,0.2100463,0.5280155,1.627922
24,27,334,ElbowRight,0.2282514,0.2312194,1.67729
24,27,334,WristRight,0.252314,0.01474823,1.709495
24,27,335,HandRight,0.2815799,-0.05672841,1.763764
24,27,335,HipLeft,0.09165056,-0.01164446,1.53452
24,27,335,KneeLeft,0.01151697,-0.3277616,1.579902
24,27,335,AnkleLeft,-0.1054077,-0.6865493,1.845723
24,27,335,FootLeft,-0.09173584,-0.7543945,1.819336
24,27,335,HipRight,0.1772289,-0.008570322,1.615523
24,27,335,KneeRight,0.2272845,-0.3525931,1.6544
24,27,335,AnkleRight,0.2702162,-0.7245732,1.745337
24,27,335,FootRight,0.321305,-0.8002172,1.695363
24,27,335,SpineShoulder,0.103975,0.5390052,1.481195
24,27,335,HandTipLeft,-0.02542278,-0.1755408,1.430175
24,27,335,ThumbLeft,-0.05740343,-0.08958074,1.402822
24,27,335,HandTipRight,0.2922102,-0.1010224,1.787221
24,27,335,ThumbRight,0.2756158,-0.08559292,1.738385
24,27,404,SpineBase,0.1001305,-0.00658689,1.644942
24,27,404,SpineMid,0.08502534,0.3076531,1.561373
24,27,404,Neck,0.06765176,0.6065712,1.467809
24,27,404,Head,0.14662,0.7198244,1.475196
24,27,404,ShoulderLeft,-0.02264933,0.4539618,1.411102
24,27,404,ElbowLeft,-0.06598121,0.179662,1.434371
24,27,404,WristLeft,-0.04079448,-0.04380066,1.416025
24,27,405,HandLeft,-0.03982328,-0.1127548,1.427495
24,27,405,ShoulderRight,0.1678313,0.5325896,1.638849
24,27,405,ElbowRight,0.1740897,0.2291559,1.634753
24,27,405,WristRight,0.1958393,-0.007540617,1.653919
24,27,405,HandRight,0.2136337,-0.06483421,1.643219
24,27,405,HipLeft,0.05737363,-0.01043326,1.566097
24,27,405,KneeLeft,-0.04276535,-0.3599705,1.652043
24,27,405,AnkleLeft,-0.1089124,-0.6957413,1.858404
24,27,405,FootLeft,-0.09203531,-0.7618842,1.827424
24,27,405,HipRight,0.138062,-0.002320864,1.649054
24,27,405,KneeRight,0.2070763,-0.3485298,1.685851
24,27,405,AnkleRight,0.2659779,-0.7226943,1.751449
24,27,405,FootRight,0.3227155,-0.7959617,1.697364
24,27,405,SpineShoulder,0.07226491,0.5341778,1.493049
24,27,405,HandTipLeft,-0.02575397,-0.1874119,1.434138
24,27,405,ThumbLeft,-0.05565535,-0.1361004,1.408696
24,27,405,HandTipRight,0.2264864,-0.1155695,1.639039
24,27,405,ThumbRight,0.191793,-0.03623905,1.591333
24,27,535,SpineBase,0.0196946,0.02309197,1.724211
24,27,535,SpineMid,0.004191725,0.3282366,1.620266
24,27,535,Neck,-0.01076266,0.6183061,1.503412
24,27,535,Head,0.05137767,0.7393271,1.50225
24,27,535,ShoulderLeft,-0.1010324,0.4659137,1.452435
24,27,535,ElbowLeft,-0.1206206,0.1840591,1.47948
24,27,535,WristLeft,-0.07272464,-0.03376024,1.451253
24,27,535,HandLeft,-0.05293849,-0.1086389,1.445184
24,27,535,ShoulderRight,0.09275309,0.5328262,1.660482
24,27,535,ElbowRight,0.1039277,0.2318316,1.671674
24,27,535,WristRight,0.1268058,0.0140087,1.694046
24,27,535,HandRight,0.125268,-0.05262102,1.716407
24,27,535,HipLeft,-0.02402634,0.01275731,1.644728
24,27,535,KneeLeft,-0.09814441,-0.3325482,1.703933
24,27,535,AnkleLeft,-0.1126123,-0.6944259,1.860737
24,27,535,FootLeft,-0.09284618,-0.7599757,1.828622
24,27,536,HipRight,0.0624376,0.03239692,1.728786
24,27,536,KneeRight,0.1151661,-0.3296911,1.770396
24,27,536,AnkleRight,0.190919,-0.6960148,1.831827
24,27,536,FootRight,0.260498,-0.7607422,1.789063
24,27,536,SpineShoulder,-0.007104677,0.5480475,1.53469
24,27,536,HandTipLeft,-0.03085032,-0.1686745,1.444481
24,27,536,ThumbLeft,-0.09244636,-0.1041235,1.4635
24,27,536,HandTipRight,0.1500476,-0.136075,1.727601
24,27,536,ThumbRight,0.1050455,-0.07607532,1.680435
24,27,606,SpineBase,-0.01372415,0.03926831,1.7523
24,27,607,SpineMid,-0.0256177,0.3453635,1.644553
24,27,607,Neck,-0.03711469,0.636355,1.524411
24,27,607,Head,0.02706533,0.7544215,1.525753
24,27,607,ShoulderLeft,-0.1197338,0.4793341,1.466507
24,27,608,ElbowLeft,-0.139104,0.1897089,1.495185
24,27,608,WristLeft,-0.08456363,-0.02205017,1.466006
24,27,608,HandLeft,-0.06839876,-0.07965875,1.46323
24,27,608,ShoulderRight,0.06676964,0.536779,1.666856
24,27,608,ElbowRight,0.07289662,0.2369645,1.679795
24,27,608,WristRight,0.0952512,0.02218592,1.702869
24,27,608,HandRight,0.09716811,-0.05194444,1.7388
24,27,608,HipLeft,-0.05769317,0.02565965,1.673861
24,27,608,KneeLeft,-0.1272775,-0.3299847,1.729559
24,27,608,AnkleLeft,-0.1165822,-0.6925787,1.864169
24,27,608,FootLeft,-0.0504446,-0.7348014,1.787077
24,27,608,HipRight,0.03054987,0.05122659,1.755993
24,27,608,KneeRight,0.08791301,-0.2909532,1.8009
24,27,608,AnkleRight,0.103422,-0.6692598,1.914302
24,27,608,FootRight,0.1695231,-0.7421774,1.8772
24,27,608,SpineShoulder,-0.03432043,0.5658652,1.556465
24,27,608,HandTipLeft,-0.04271124,-0.1386482,1.457108
24,27,608,ThumbLeft,-0.1069943,-0.07005022,1.48825
24,27,608,HandTipRight,0.1277942,-0.1306466,1.74955
24,27,608,ThumbRight,0.06708422,-0.0616404,1.697387
24,27,708,SpineBase,-0.0470979,0.05361839,1.793095
24,27,708,SpineMid,-0.06345823,0.3631156,1.69008
24,27,708,Neck,-0.07859872,0.6576473,1.574506
24,27,708,Head,-0.01547525,0.7832959,1.58174
24,27,708,ShoulderLeft,-0.1617778,0.4987306,1.514645
24,27,708,ElbowLeft,-0.1925914,0.2057141,1.54373
24,27,708,WristLeft,-0.1241282,-0.001453678,1.517647
24,27,708,HandLeft,-0.1030207,-0.05719786,1.51075
24,27,708,ShoulderRight,0.01734076,0.5564149,1.719095
24,27,709,ElbowRight,0.02737816,0.2578623,1.731078
24,27,709,WristRight,0.05077819,0.043912,1.753869
24,27,709,HandRight,0.06808547,-0.03777977,1.779983
24,27,709,HipLeft,-0.08665664,0.03878277,1.708442
24,27,709,KneeLeft,-0.1504692,-0.3182214,1.753925
24,27,709,AnkleLeft,-0.1206918,-0.6912814,1.866305
24,27,709,FootLeft,-0.05272674,-0.7323785,1.790673
24,27,709,HipRight,-0.004446764,0.06561879,1.80141
24,27,709,KneeRight,0.0526434,-0.2808483,1.885016
24,27,709,AnkleRight,-0.03954664,-0.6357262,2.068097
24,27,709,FootRight,-0.001408577,-0.7119141,2.011719
24,27,709,SpineShoulder,-0.07499922,0.5862408,1.605438
24,27,709,HandTipLeft,-0.07194766,-0.115437,1.507168
24,27,709,ThumbLeft,-0.1373167,-0.07924065,1.532133
24,27,709,HandTipRight,0.09595017,-0.1096981,1.797047
24,27,709,ThumbRight,0.03956402,-0.04136468,1.72545
24,27,766,SpineBase,-0.05630459,0.06089504,1.811467
24,27,766,SpineMid,-0.07748906,0.3709527,1.716808
24,27,766,Neck,-0.09826247,0.6659616,1.611409
24,27,767,Head,-0.03485762,0.791079,1.616362
24,27,767,ShoulderLeft,-0.1793531,0.5051669,1.54779
24,27,767,ElbowLeft,-0.2192017,0.2158973,1.580194
24,27,767,WristLeft,-0.1577811,0.007239513,1.555615
24,27,767,HandLeft,-0.1350529,-0.04990843,1.559993
24,27,767,ShoulderRight,0.0007231558,0.5626031,1.751935
24,27,767,ElbowRight,0.01088262,0.2651868,1.763779
24,27,767,WristRight,0.08051456,0.0369625,1.919602
24,27,767,HandRight,0.08632889,-0.0005996946,1.932635
24,27,767,HipLeft,-0.0965668,0.04644429,1.73022
24,27,767,KneeLeft,-0.1533088,-0.3130566,1.757462
24,27,767,AnkleLeft,-0.1295543,-0.689651,1.877859
24,27,767,FootLeft,-0.06134609,-0.7301475,1.801458
24,27,767,HipRight,-0.01395131,0.0730292,1.818649
24,27,767,KneeRight,0.01095417,-0.278674,1.931939
24,27,767,AnkleRight,-0.09803201,-0.6269085,2.150251
24,27,767,FootRight,-0.0605236,-0.6872373,2.12895
24,27,767,SpineShoulder,-0.09319837,0.594417,1.639635
24,27,767,HandTipLeft,-0.1121712,-0.1144403,1.547653
24,27,767,ThumbLeft,-0.09356213,-0.05267657,1.627333
24,27,767,HandTipRight,0.09154531,-0.04729332,1.934889
24,27,767,ThumbRight,0.07522012,-0.03904666,1.901833
24,27,873,SpineBase,-0.09346172,0.07065407,1.847816
24,27,873,SpineMid,-0.1079421,0.3808347,1.773065
24,27,873,Neck,-0.1209752,0.6763497,1.686076
24,27,874,Head,-0.05847551,0.8039936,1.693823
24,27,874,ShoulderLeft,-0.2069249,0.5185101,1.621101
24,27,874,ElbowLeft,-0.2467239,0.2258541,1.644695
24,27,874,WristLeft,-0.2080292,0.0006170832,1.623594
24,27,874,HandLeft,-0.1972649,-0.04863863,1.629095
24,27,874,ShoulderRight,-0.02460073,0.5640259,1.823784
24,27,874,ElbowRight,0.01592463,0.2949567,1.925354
24,27,874,WristRight,0.05325676,0.0890963,1.967988
24,27,874,HandRight,0.07235937,0.007505701,1.972615
24,27,874,HipLeft,-0.1364545,0.06040075,1.760557
24,27,874,KneeLeft,-0.1793172,-0.2908296,1.778485
24,27,874,AnkleLeft,-0.1295778,-0.6916583,1.878051
24,27,874,FootLeft,-0.0619008,-0.7318368,1.800499
24,27,874,HipRight,-0.0468194,0.07803046,1.860334
24,27,874,KneeRight,-0.1155926,-0.2917068,1.858503
24,27,874,AnkleRight,-0.2234602,-0.639841,2.07669
24,27,874,FootRight,-0.1701687,-0.6794075,1.959343
24,27,874,SpineShoulder,-0.1179392,0.6045883,1.709865
24,27,874,HandTipLeft,-0.1808991,-0.117419,1.632521
24,27,874,ThumbLeft,-0.1583576,-0.0516535,1.64275
24,27,874,HandTipRight,0.07773309,-0.05728014,1.972575
24,27,874,ThumbRight,0.08325668,0.005355237,1.93525
24,27,935,SpineBase,-0.1106554,0.07607484,1.900058
24,27,935,SpineMid,-0.1203245,0.3860147,1.827568
24,27,935,Neck,-0.1286727,0.6817127,1.742884
24,27,935,Head,-0.06351784,0.8100168,1.751402
24,27,935,ShoulderLeft,-0.2161655,0.5255492,1.673897
24,27,935,ElbowLeft,-0.2688362,0.2380372,1.697808
24,27,935,WristLeft,-0.2412343,0.003595141,1.677247
24,27,935,HandLeft,-0.233759,-0.04265964,1.688603
24,27,935,ShoulderRight,-0.03264468,0.5645019,1.888369
24,27,935,ElbowRight,-0.001669239,0.2909796,1.979563
24,27,935,WristRight,0.04961501,0.08300735,1.992019
24,27,935,HandRight,0.06852863,0.001780358,2.001693
24,27,935,HipLeft,-0.150886,0.0699821,1.810324
24,27,935,KneeLeft,-0.1909318,-0.2844515,1.801845
24,27,935,AnkleLeft,-0.1311544,-0.6938915,1.882369
24,27,935,FootLeft,-0.06231475,-0.7338467,1.806327
24,27,935,HipRight,-0.06619953,0.07917095,1.915117
24,27,935,KneeRight,-0.1324854,-0.29052,1.871062
24,27,935,AnkleRight,-0.2401961,-0.6386515,2.089265
24,27,935,FootRight,-0.1836223,-0.6757317,1.972277
24,27,935,SpineShoulder,-0.1267931,0.6098454,1.766112
24,27,935,HandTipLeft,-0.2265544,-0.1119215,1.695773
24,27,935,ThumbLeft,-0.2018433,-0.04188975,1.665471
24,27,935,HandTipRight,0.07459804,-0.06396427,1.998824
24,27,936,ThumbRight,0.0745643,0.01410439,1.9622
24,28,002,SpineBase,-0.1427073,0.07632252,1.955808
24,28,002,SpineMid,-0.1358071,0.3917206,1.886788
24,28,002,Neck,-0.128094,0.6930812,1.80554
24,28,002,Head,-0.05989655,0.8124421,1.813029
24,28,002,ShoulderLeft,-0.2213607,0.5391183,1.729608
24,28,002,ElbowLeft,-0.2938118,0.2546867,1.753401
24,28,002,WristLeft,-0.2779966,0.0363277,1.733828
24,28,002,HandLeft,-0.2677,-0.02208005,1.741675
24,28,002,ShoulderRight,-0.03895254,0.5534899,1.954025
24,28,002,ElbowRight,-0.01973139,0.2764172,2.037793
24,28,002,WristRight,0.04057981,0.06608888,2.04369
24,28,002,HandRight,0.05691174,-0.009630409,2.038311
24,28,002,HipLeft,-0.180787,0.07384565,1.864563
24,28,002,KneeLeft,-0.2124078,-0.263912,1.847634
24,28,002,AnkleLeft,-0.1346594,-0.6941698,1.888341
24,28,002,FootLeft,-0.0883476,-0.7630936,1.831296
24,28,002,HipRight,-0.09929962,0.07589054,1.97244
24,28,002,KneeRight,-0.1740292,-0.2834548,1.916075
24,28,002,AnkleRight,-0.2813712,-0.6316116,2.134326
24,28,002,FootRight,-0.2182323,-0.663252,2.018207
24,28,002,SpineShoulder,-0.1301621,0.6197655,1.827925
24,28,002,HandTipLeft,-0.2647696,-0.09595563,1.744843
24,28,002,ThumbLeft,-0.2264573,-0.01736853,1.734738
24,28,003,HandTipRight,0.06182668,-0.07373615,2.032336
24,28,003,ThumbRight,0.06648167,0.01284611,1.998414
24,28,107,SpineBase,-0.1829441,0.09395361,2.032999
24,28,107,SpineMid,-0.1621547,0.4143611,1.959051
24,28,108,Neck,-0.140847,0.7209756,1.872925
24,28,108,Head,-0.06661368,0.8367273,1.886515
24,28,108,ShoulderLeft,-0.2400937,0.5681798,1.792029
24,28,108,ElbowLeft,-0.3189498,0.2848365,1.816842
24,28,108,WristLeft,-0.3114851,0.05671799,1.805079
24,28,108,HandLeft,-0.3074557,0.009008593,1.817843
24,28,108,ShoulderRight,-0.05972474,0.5530022,2.024499
24,28,108,ElbowRight,-0.04850549,0.2966225,2.094742
24,28,108,WristRight,0.004918091,0.08864095,2.107624
24,28,108,HandRight,0.02249245,0.003113579,2.101988
24,28,108,HipLeft,-0.2194125,0.09397379,1.941479
24,28,108,KneeLeft,-0.2685943,-0.2251636,1.939486
24,28,108,AnkleLeft,-0.182403,-0.6913424,1.952259
24,28,108,FootLeft,-0.1222534,-0.7382813,1.859375
24,28,108,HipRight,-0.1398742,0.09049883,2.049983
24,28,108,KneeRight,-0.2028195,-0.2398322,2.022693
24,28,108,AnkleRight,-0.2312188,-0.5851414,2.365517
24,28,108,FootRight,-0.2031648,-0.6136434,2.231124
24,28,108,SpineShoulder,-0.1462776,0.646323,1.896533
24,28,108,HandTipLeft,-0.3057508,-0.06102649,1.825082
24,28,108,ThumbLeft,-0.2688459,0.006887732,1.813117
24,28,108,HandTipRight,0.02191596,-0.06739926,2.104187
24,28,108,ThumbRight,0.04301682,-0.04354372,2.076667
24,28,202,SpineBase,-0.2175359,0.1299119,2.080989
24,28,202,SpineMid,-0.1936505,0.4485488,2.005801
24,28,202,Neck,-0.1691528,0.7535791,1.918659
24,28,202,Head,-0.09553844,0.8702856,1.932649
24,28,202,ShoulderLeft,-0.2697688,0.6053471,1.839652
24,28,202,ElbowLeft,-0.356123,0.3232061,1.861989
24,28,202,WristLeft,-0.3422888,0.09973118,1.849942
24,28,202,HandLeft,-0.3384383,0.05052838,1.860613
24,28,202,ShoulderRight,-0.08080623,0.5953352,2.052603
24,28,202,ElbowRight,-0.09027021,0.3541274,2.131718
24,28,202,WristRight,-0.04106268,0.147552,2.164086
24,28,202,HandRight,-0.02067075,0.05197557,2.1628
24,28,202,HipLeft,-0.2570437,0.1293567,1.994112
24,28,202,KneeLeft,-0.3106581,-0.2044791,2.000018
24,28,203,AnkleLeft,-0.2729076,-0.6287553,2.058106
24,28,203,FootLeft,-0.22935,-0.7077613,1.975779
24,28,203,HipRight,-0.1703455,0.125831,2.093446
24,28,203,KneeRight,-0.1973605,-0.2150979,2.120501
24,28,203,AnkleRight,-0.254308,-0.5601715,2.353712
24,28,203,FootRight,-0.2171602,-0.6238858,2.330298
24,28,203,SpineShoulder,-0.1754011,0.6792997,1.942506
24,28,203,HandTipLeft,-0.3378914,-0.02165857,1.865566
24,28,203,ThumbLeft,-0.3054675,0.04399311,1.844687
24,28,203,HandTipRight,-0.01730429,-0.01408256,2.169406
24,28,203,ThumbRight,-9.326018E-05,0.04278323,2.12875
24,28,267,SpineBase,-0.240733,0.1435894,2.094228
24,28,267,SpineMid,-0.2138805,0.4592184,2.022843
24,28,267,Neck,-0.1870585,0.7617293,1.940169
24,28,267,Head,-0.1140598,0.8794209,1.95235
24,28,267,ShoulderLeft,-0.2898884,0.6187194,1.863656
24,28,267,ElbowLeft,-0.3778838,0.351514,1.894643
24,28,267,WristLeft,-0.3545623,0.1059857,1.861633
24,28,267,HandLeft,-0.3553534,0.06229487,1.87942
24,28,267,ShoulderRight,-0.09818218,0.6052337,2.066022
24,28,267,ElbowRight,-0.1123725,0.3673961,2.174624
24,28,267,WristRight,-0.06633434,0.1570046,2.192222
24,28,267,HandRight,-0.05114357,0.0589177,2.195156
24,28,267,HipLeft,-0.282223,0.1452195,2.005351
24,28,268,KneeLeft,-0.327206,-0.2010289,2.024946
24,28,268,AnkleLeft,-0.3439355,-0.6010187,2.15394
24,28,268,FootLeft,-0.3103027,-0.6791992,2.101563
24,28,268,HipRight,-0.1911699,0.1371494,2.108797
24,28,268,KneeRight,-0.2043008,-0.1812124,2.208495
24,28,268,AnkleRight,-0.2579998,-0.5459344,2.361619
24,28,268,FootRight,-0.1930987,-0.5931693,2.280234
24,28,268,SpineShoulder,-0.1938495,0.6880384,1.962822
24,28,268,HandTipLeft,-0.3502144,-0.00173768,1.87842
24,28,268,ThumbLeft,-0.3165985,0.07937951,1.88694
24,28,268,HandTipRight,-0.04966104,-0.008335631,2.200656
24,28,268,ThumbRight,-0.04242678,0.07067867,2.155389
24,28,335,SpineBase,-0.2606065,0.1508844,2.121418
24,28,336,SpineMid,-0.2386913,0.4666131,2.049161
24,28,336,Neck,-0.2160012,0.7690265,1.964866
24,28,336,Head,-0.1432593,0.8876775,1.976337
24,28,336,ShoulderLeft,-0.3149711,0.6247012,1.887485
24,28,336,ElbowLeft,-0.3980569,0.3572814,1.911778
24,28,336,WristLeft,-0.3775879,0.1116109,1.88455
24,28,336,HandLeft,-0.3730857,0.06771357,1.895963
24,28,336,ShoulderRight,-0.1280371,0.6134067,2.097158
24,28,336,ElbowRight,-0.135492,0.3677523,2.202982
24,28,336,WristRight,-0.1016671,0.1558043,2.227513
24,28,336,HandRight,-0.08807041,0.05763564,2.227481
24,28,336,HipLeft,-0.3011292,0.1505359,2.034848
24,28,336,KneeLeft,-0.3746676,-0.168213,2.057548
24,28,336,AnkleLeft,-0.426027,-0.57531,2.251644
24,28,336,FootLeft,-0.4064941,-0.6479492,2.191406
24,28,336,HipRight,-0.2110673,0.1459322,2.133751
24,28,336,KneeRight,-0.2184221,-0.1761933,2.220529
24,28,336,AnkleRight,-0.2610429,-0.5351661,2.366435
24,28,336,FootRight,-0.1942402,-0.5818648,2.286972
24,28,337,SpineShoulder,-0.2218519,0.6953632,1.988021
24,28,337,HandTipLeft,-0.3629597,0.003712207,1.895644
24,28,337,ThumbLeft,-0.3369396,0.06708739,1.878919
24,28,337,HandTipRight,-0.09475631,-0.01289933,2.237777
24,28,337,ThumbRight,-0.06717813,0.0533828,2.19652
24,28,439,SpineBase,-0.3038087,0.162881,2.158533
24,28,439,SpineMid,-0.2883008,0.4748083,2.081989
24,28,440,Neck,-0.271324,0.7737758,1.993729
24,28,440,Head,-0.2060342,0.8983322,2.002763
24,28,440,ShoulderLeft,-0.3689789,0.6326069,1.920396
24,28,440,ElbowLeft,-0.443296,0.369952,1.944237
24,28,440,WristLeft,-0.4182341,0.1269286,1.919131
24,28,440,HandLeft,-0.4059877,0.07564508,1.922499
24,28,440,ShoulderRight,-0.1804796,0.6272979,2.124703
24,28,440,ElbowRight,-0.1908858,0.382516,2.225367
24,28,440,WristRight,-0.1471987,0.1357239,2.264368
24,28,440,HandRight,-0.1477638,0.06684411,2.273019
24,28,440,HipLeft,-0.3436316,0.1590863,2.072737
24,28,440,KneeLeft,-0.4430147,-0.1776803,2.125671
24,28,441,AnkleLeft,-0.5460986,-0.5242943,2.374686
24,28,441,FootLeft,-0.5327148,-0.6000977,2.3125
24,28,441,HipRight,-0.253646,0.1610892,2.170233
24,28,441,KneeRight,-0.2467335,-0.1649978,2.23628
24,28,441,AnkleRight,-0.2659702,-0.5179906,2.371871
24,28,441,FootRight,-0.19974,-0.5650384,2.2914
24,28,441,SpineShoulder,-0.275832,0.7009291,2.017852
24,28,441,HandTipLeft,-0.394494,0.007148859,1.929186
24,28,441,ThumbLeft,-0.3752704,0.1135426,1.946134
24,28,441,HandTipRight,-0.1519256,0.004514671,2.280684
24,28,441,ThumbRight,-0.1267741,0.02825687,2.2657
24,28,536,SpineBase,-0.3562793,0.1732444,2.19859
24,28,536,SpineMid,-0.3474238,0.4801184,2.11361
24,28,536,Neck,-0.3365037,0.7744607,2.017013
24,28,536,Head,-0.2734278,0.9021574,2.020071
24,28,536,ShoulderLeft,-0.4317268,0.6317954,1.947534
24,28,537,ElbowLeft,-0.4873923,0.3715714,1.971441
24,28,537,WristLeft,-0.4476455,0.131748,1.942879
24,28,537,HandLeft,-0.4294688,0.0764413,1.967083
24,28,537,ShoulderRight,-0.2398587,0.641625,2.142087
24,28,537,ElbowRight,-0.2312574,0.4486232,2.256387
24,28,537,WristRight,-0.1873883,0.201575,2.295537
24,28,537,HandRight,-0.2136699,0.1041142,2.304264
24,28,537,HipLeft,-0.3943526,0.1637019,2.118746
24,28,537,KneeLeft,-0.5038441,-0.1617092,2.184073
24,28,537,AnkleLeft,-0.6399335,-0.4938187,2.448786
24,28,537,FootLeft,-0.637207,-0.5786133,2.414063
24,28,537,HipRight,-0.306313,0.1769647,2.204604
24,28,537,KneeRight,-0.2672803,-0.1613143,2.260876
24,28,537,AnkleRight,-0.2682603,-0.5160537,2.375259
24,28,537,FootRight,-0.2035157,-0.5636905,2.293182
24,28,537,SpineShoulder,-0.3395932,0.702725,2.043218
24,28,537,HandTipLeft,-0.4217652,0.003251556,1.967723
24,28,537,ThumbLeft,-0.3869902,0.07588618,2.018067
24,28,537,HandTipRight,-0.2076777,0.03577967,2.312433
24,28,537,ThumbRight,-0.1982802,0.06909058,2.301111
24,28,642,SpineBase,-0.4161286,0.167161,2.22482
24,28,642,SpineMid,-0.4158011,0.4712505,2.134907
24,28,642,Neck,-0.4127131,0.7631679,2.033441
24,28,642,Head,-0.3568279,0.8961232,2.027987
24,28,642,ShoulderLeft,-0.5064358,0.6234598,1.974623
24,28,642,ElbowLeft,-0.5520746,0.3662277,1.996612
24,28,642,WristLeft,-0.4968416,0.1214927,1.983413
24,28,642,HandLeft,-0.4711591,0.06863303,1.999252
24,28,642,ShoulderRight,-0.3056871,0.6438941,2.167326
24,28,642,ElbowRight,-0.2950786,0.4515155,2.275807
24,28,642,WristRight,-0.2508906,0.2045116,2.315002
24,28,642,HandRight,-0.2595718,0.110808,2.330756
24,28,642,HipLeft,-0.454582,0.1550019,2.149987
24,28,642,KneeLeft,-0.5601156,-0.1625981,2.242457
24,28,643,AnkleLeft,-0.6852724,-0.4901876,2.501442
24,28,643,FootLeft,-0.6743164,-0.5722656,2.470703
24,28,643,HipRight,-0.3639822,0.1737887,2.226129
24,28,643,KneeRight,-0.3039657,-0.1493646,2.304055
24,28,643,AnkleRight,-0.2752734,-0.5122427,2.37852
24,28,643,FootRight,-0.2115951,-0.5601016,2.295003
24,28,643,SpineShoulder,-0.4139566,0.6919941,2.06086
24,28,643,HandTipLeft,-0.4537239,0.0002183876,1.999655
24,28,643,ThumbLeft,-0.4743628,0.09582616,2.0552
24,28,643,HandTipRight,-0.2533861,0.04245517,2.338951
24,28,643,ThumbRight,-0.2437387,0.07573002,2.327657
24,28,749,SpineBase,-0.4730384,0.1709923,2.276432
24,28,749,SpineMid,-0.4843675,0.4638907,2.168354
24,28,750,Neck,-0.4921342,0.7453537,2.048844
24,28,750,Head,-0.4435829,0.8811974,2.03104
24,28,750,ShoulderLeft,-0.5905682,0.6106045,2.001621
24,28,750,ElbowLeft,-0.6144028,0.3208603,2.044367
24,28,750,WristLeft,-0.5498664,0.1117346,2.02913
24,28,750,HandLeft,-0.5285857,0.05565273,2.031716
24,28,750,ShoulderRight,-0.3731136,0.6476972,2.184665
24,28,750,ElbowRight,-0.3766145,0.4120693,2.320679
24,28,750,WristRight,-0.3306653,0.2013716,2.343277
24,28,750,HandRight,-0.333028,0.1197725,2.363158
24,28,750,HipLeft,-0.5146876,0.1555349,2.206008
24,28,750,KneeLeft,-0.6166491,-0.1585242,2.287135
24,28,750,AnkleLeft,-0.6866789,-0.4874921,2.518864
24,28,750,FootLeft,-0.6801661,-0.5673909,2.491502
24,28,750,HipRight,-0.4162273,0.1809429,2.27366
24,28,750,KneeRight,-0.3614324,-0.134727,2.337097
24,28,750,AnkleRight,-0.2890833,-0.5083748,2.389454
24,28,750,FootRight,-0.2291031,-0.5578035,2.303111
24,28,750,SpineShoulder,-0.4907944,0.6767137,2.080769
24,28,750,HandTipLeft,-0.5028513,-0.005604143,2.042161
24,28,750,ThumbLeft,-0.5138363,0.09614788,2.105333
24,28,750,HandTipRight,-0.3252009,0.07338251,2.372901
24,28,751,ThumbRight,-0.3267673,0.1305375,2.3631
24,28,818,SpineBase,-0.5175158,0.1866452,2.30952
24,28,818,SpineMid,-0.5263163,0.474898,2.189421
24,28,818,Neck,-0.5278752,0.751613,2.05779
24,28,818,Head,-0.4833031,0.8857598,2.034197
24,28,818,ShoulderLeft,-0.6373447,0.6138503,2.017728
24,28,818,ElbowLeft,-0.6499374,0.3258083,2.067615
24,28,818,WristLeft,-0.5969932,0.113269,2.056401
24,28,818,HandLeft,-0.5778783,0.05937003,2.063303
24,28,818,ShoulderRight,-0.4028752,0.6587352,2.199064
24,28,819,ElbowRight,-0.4136478,0.4432855,2.320483
24,28,819,WristRight,-0.3587596,0.2261492,2.35697
24,28,819,HandRight,-0.3727666,0.1520515,2.371152
24,28,819,HipLeft,-0.5589911,0.1693142,2.242116
24,28,819,KneeLeft,-0.6334045,-0.1525566,2.30324
24,28,819,AnkleLeft,-0.689862,-0.4878202,2.52175
24,28,819,FootLeft,-0.6811881,-0.5668225,2.493927
24,28,819,HipRight,-0.4597507,0.1980784,2.304051
24,28,819,KneeRight,-0.4071855,-0.1252207,2.36038
24,28,819,AnkleRight,-0.3123549,-0.4996031,2.402158
24,28,819,FootRight,-0.2549902,-0.5509876,2.314752
24,28,819,SpineShoulder,-0.5278907,0.6840118,2.092428
24,28,819,HandTipLeft,-0.554044,-0.003321917,2.071227
24,28,819,ThumbLeft,-0.5659862,0.1019572,2.13625
24,28,819,HandTipRight,-0.362509,0.07518853,2.403333
24,28,819,ThumbRight,-0.3648719,0.1787582,2.381857
24,28,904,SpineBase,-0.5587055,0.2174487,2.34221
24,28,904,SpineMid,-0.5743259,0.5016415,2.217807
24,28,904,Neck,-0.5857773,0.7748509,2.082318
24,28,904,Head,-0.5426686,0.9042543,2.051061
24,28,904,ShoulderLeft,-0.6896545,0.6366041,2.040937
24,28,904,ElbowLeft,-0.7142617,0.369788,2.092653
24,28,904,WristLeft,-0.671899,0.139835,2.101104
24,28,904,HandLeft,-0.6525434,0.09110858,2.128536
24,28,904,ShoulderRight,-0.4543453,0.6862664,2.221244
24,28,904,ElbowRight,-0.4448755,0.4537978,2.359451
24,28,905,WristRight,-0.3952149,0.202905,2.376692
24,28,905,HandRight,-0.403488,0.1369949,2.383446
24,28,905,HipLeft,-0.600769,0.1979441,2.273126
24,28,905,KneeLeft,-0.6765185,-0.1374957,2.349382
24,28,905,AnkleLeft,-0.6961161,-0.4824738,2.528558
24,28,905,FootLeft,-0.6816493,-0.5665984,2.494418
24,28,905,HipRight,-0.4993837,0.2302108,2.338768
24,28,905,KneeRight,-0.4544034,-0.09217612,2.385618
24,28,905,AnkleRight,-0.398535,-0.4842362,2.467004
24,28,905,FootRight,-0.3417447,-0.5686216,2.40222
24,28,905,SpineShoulder,-0.5836223,0.7082294,2.118198
24,28,905,HandTipLeft,-0.6401907,0.008751049,2.137184
24,28,905,ThumbLeft,-0.6214281,0.108799,2.181612
24,28,905,HandTipRight,-0.3953329,0.03969951,2.361243
24,28,905,ThumbRight,-0.388941,0.1284047,2.417762
24,28,980,SpineBase,-0.5773777,0.2210541,2.357387
24,28,980,SpineMid,-0.5913269,0.505703,2.230656
24,28,980,Neck,-0.6011888,0.779358,2.093091
24,28,980,Head,-0.5606877,0.9105285,2.062595
24,28,980,ShoulderLeft,-0.7064412,0.6417769,2.054433
24,28,980,ElbowLeft,-0.7462185,0.3831605,2.122303
24,28,980,WristLeft,-0.718147,0.1618916,2.130256
24,28,980,HandLeft,-0.7015062,0.08751144,2.142689
24,28,980,ShoulderRight,-0.4706427,0.6901803,2.230801
24,28,980,ElbowRight,-0.4581489,0.4624783,2.370241
24,28,980,WristRight,-0.4167129,0.2490415,2.397702
24,28,980,HandRight,-0.416028,0.1819326,2.407409
24,28,981,HipLeft,-0.6184446,0.2019799,2.288449
24,28,981,KneeLeft,-0.6926129,-0.1412152,2.380444
24,28,981,AnkleLeft,-0.7014872,-0.4800035,2.530658
24,28,981,FootLeft,-0.682773,-0.5658435,2.494373
24,28,981,HipRight,-0.5186552,0.2333276,2.353966
24,28,981,KneeRight,-0.4693883,-0.1067601,2.406495
24,28,981,AnkleRight,-0.4585569,-0.4798506,2.523548
24,28,981,FootRight,-0.4130758,-0.5741023,2.476632
24,28,981,SpineShoulder,-0.5994285,0.7126246,2.129467
24,28,981,HandTipLeft,-0.684817,0.01745315,2.163191
24,28,981,ThumbLeft,-0.6796319,0.1211929,2.158357
24,28,981,HandTipRight,-0.4143321,0.08615603,2.397467
24,28,981,ThumbRight,-0.3944198,0.145139,2.4285
24,29,080,SpineBase,-0.6133046,0.224803,2.382409
24,29,080,SpineMid,-0.6272812,0.5123904,2.260005
24,29,080,Neck,-0.636972,0.7893378,2.126949
24,29,080,Head,-0.6018976,0.9214866,2.094941
24,29,080,ShoulderLeft,-0.738656,0.6571388,2.090442
24,29,080,ElbowLeft,-0.788645,0.4072186,2.166542
24,29,080,WristLeft,-0.770721,0.1655422,2.180913
24,29,080,HandLeft,-0.7584701,0.09129164,2.192196
24,29,080,ShoulderRight,-0.5051136,0.6993765,2.258485
24,29,080,ElbowRight,-0.4746298,0.4581707,2.388801
24,29,080,WristRight,-0.4248162,0.2429029,2.408237
24,29,080,HandRight,-0.4302757,0.1714242,2.435803
24,29,080,HipLeft,-0.6573659,0.2091902,2.320006
24,29,080,KneeLeft,-0.7054846,-0.1358775,2.388115
24,29,080,AnkleLeft,-0.7036244,-0.4826029,2.532226
24,29,081,FootLeft,-0.6435152,-0.5350898,2.443703
24,29,081,HipRight,-0.5510536,0.2340701,2.37349
24,29,081,KneeRight,-0.5183396,-0.09641066,2.451781
24,29,081,AnkleRight,-0.547882,-0.4501343,2.621123
24,29,081,FootRight,-0.5219727,-0.5351563,2.580078
24,29,081,SpineShoulder,-0.6352866,0.7217392,2.16218
24,29,081,HandTipLeft,-0.7472064,0.02248554,2.210198
24,29,081,ThumbLeft,-0.7306541,0.114875,2.206875
24,29,081,HandTipRight,-0.4251608,0.104799,2.47057
24,29,081,ThumbRight,-0.4173656,0.2334351,2.435
24,29,168,SpineBase,-0.6233633,0.2298871,2.399797
24,29,168,SpineMid,-0.6376982,0.5182178,2.28107
24,29,168,Neck,-0.6475836,0.7957969,2.151618
24,29,168,Head,-0.6142567,0.9297711,2.121296
24,29,168,ShoulderLeft,-0.7520322,0.6649314,2.118588
24,29,168,ElbowLeft,-0.8101987,0.421214,2.209452
24,29,168,WristLeft,-0.7986637,0.1741373,2.223827
24,29,168,HandLeft,-0.7897859,0.1128085,2.240757
24,29,168,ShoulderRight,-0.5173416,0.7059735,2.283123
24,29,168,ElbowRight,-0.4871032,0.4668513,2.419249
24,29,168,WristRight,-0.4366489,0.2496851,2.438678
24,29,168,HandRight,-0.4471595,0.1757013,2.447009
24,29,168,HipLeft,-0.6647523,0.2147767,2.333975
24,29,168,KneeLeft,-0.7067314,-0.134355,2.388932
24,29,168,AnkleLeft,-0.7044855,-0.4863552,2.535398
24,29,168,FootLeft,-0.6452201,-0.5386238,2.446117
24,29,169,HipRight,-0.5635026,0.2379167,2.393796
24,29,169,KneeRight,-0.5425289,-0.09226724,2.496628
24,29,169,AnkleRight,-0.6183697,-0.4172759,2.708954
24,29,169,FootRight,-0.5947266,-0.5014648,2.6875
24,29,169,SpineShoulder,-0.645863,0.7280473,2.185962
24,29,169,HandTipLeft,-0.7934666,0.04107176,2.24192
24,29,169,ThumbLeft,-0.7569656,0.1525825,2.250765
24,29,169,HandTipRight,-0.433199,0.1104549,2.467569
24,29,169,ThumbRight,-0.4195041,0.1564173,2.4595
24,29,240,SpineBase,-0.6300761,0.2349517,2.419223
24,29,240,SpineMid,-0.6442325,0.5235745,2.304258
24,29,240,Neck,-0.6539596,0.8014369,2.178641
24,29,240,Head,-0.6206076,0.9352487,2.148391
24,29,240,ShoulderLeft,-0.7578678,0.66849,2.140555
24,29,240,ElbowLeft,-0.8203849,0.4253072,2.229071
24,29,240,WristLeft,-0.8236555,0.2090105,2.256016
24,29,240,HandLeft,-0.8021131,0.1244119,2.273315
24,29,240,ShoulderRight,-0.525082,0.7106521,2.312461
24,29,240,ElbowRight,-0.4918918,0.4659845,2.431645
24,29,240,WristRight,-0.440046,0.1774976,2.449466
24,29,240,HandRight,-0.4536894,0.1484409,2.468663
24,29,240,HipLeft,-0.6709772,0.2197517,2.350767
24,29,240,KneeLeft,-0.708141,-0.1256249,2.391118
24,29,240,AnkleLeft,-0.7052697,-0.4870661,2.536635
24,29,240,FootLeft,-0.6443046,-0.5385669,2.448446
24,29,240,HipRight,-0.570495,0.2430385,2.41584
24,29,240,KneeRight,-0.5548514,-0.08822639,2.526551
24,29,240,AnkleRight,-0.6498484,-0.417901,2.763587
24,29,240,FootRight,-0.621582,-0.4934082,2.75
24,29,240,SpineShoulder,-0.6522722,0.7336082,2.212019
24,29,240,HandTipLeft,-0.8113574,0.04951177,2.286305
24,29,240,ThumbLeft,-0.7604879,0.1399089,2.263053
24,29,240,HandTipRight,-0.4536879,0.09636593,2.482709
24,29,240,ThumbRight,-0.423413,0.1422785,2.4538
24,29,343,SpineBase,-0.6376488,0.2417352,2.446851
24,29,343,SpineMid,-0.6494182,0.5340421,2.344774
24,29,343,Neck,-0.6557544,0.815438,2.230566
24,29,344,Head,-0.6185322,0.9487916,2.201729
24,29,344,ShoulderLeft,-0.7623034,0.6812836,2.187636
24,29,344,ElbowLeft,-0.836703,0.4362086,2.266729
24,29,344,WristLeft,-0.8327638,0.2182677,2.28489
24,29,344,HandLeft,-0.8139724,0.1742514,2.300544
24,29,344,ShoulderRight,-0.5319642,0.7151077,2.373379
24,29,344,ElbowRight,-0.5033035,0.4643979,2.442541
24,29,344,WristRight,-0.4643548,0.2497136,2.461205
24,29,344,HandRight,-0.4631196,0.1709586,2.464426
24,29,344,HipLeft,-0.6779383,0.228216,2.377077
24,29,344,KneeLeft,-0.7132744,-0.1163543,2.395284
24,29,344,AnkleLeft,-0.711924,-0.471484,2.536527
24,29,344,FootLeft,-0.6480478,-0.5219757,2.449609
24,29,344,HipRight,-0.5786835,0.248062,2.444793
24,29,344,KneeRight,-0.5695381,-0.07722341,2.57859
24,29,344,AnkleRight,-0.6630734,-0.3901304,2.808543
24,29,344,FootRight,-0.6518555,-0.4755859,2.791016
24,29,344,SpineShoulder,-0.6549873,0.746944,2.262026
24,29,344,HandTipLeft,-0.8224437,0.0977927,2.308083
24,29,344,ThumbLeft,-0.7663973,0.1840012,2.270412
24,29,344,HandTipRight,-0.4534661,0.09913477,2.479417
24,29,344,ThumbRight,-0.4377002,0.1689983,2.433813
24,29,410,SpineBase,-0.6456556,0.2416046,2.474196
24,29,410,SpineMid,-0.6516476,0.5359316,2.369673
24,29,410,Neck,-0.6538043,0.8195273,2.255759
24,29,410,Head,-0.6135749,0.9517982,2.230044
24,29,410,ShoulderLeft,-0.7594911,0.6830733,2.205738
24,29,410,ElbowLeft,-0.8381732,0.4333499,2.288121
24,29,410,WristLeft,-0.8403988,0.2139465,2.295595
24,29,410,HandLeft,-0.8209554,0.1448571,2.329809
24,29,410,ShoulderRight,-0.533094,0.7205148,2.410774
24,29,410,ElbowRight,-0.5066477,0.4439977,2.494113
24,29,410,WristRight,-0.4621902,0.2287485,2.46456
24,29,410,HandRight,-0.4647672,0.1589774,2.468864
24,29,410,HipLeft,-0.683124,0.2291815,2.400666
24,29,410,KneeLeft,-0.7192708,-0.1045508,2.404519
24,29,410,AnkleLeft,-0.7141372,-0.466669,2.537129
24,29,410,FootLeft,-0.6465465,-0.5167753,2.453481
24,29,411,HipRight,-0.5898628,0.2468055,2.476177
24,29,411,KneeRight,-0.573146,-0.07703019,2.580203
24,29,411,AnkleRight,-0.6632581,-0.3910747,2.81782
24,29,411,FootRight,-0.6513621,-0.4776414,2.796278
24,29,411,SpineShoulder,-0.6540151,0.7502117,2.285802
24,29,411,HandTipLeft,-0.8380925,0.07094059,2.340441
24,29,411,ThumbLeft,-0.7784496,0.1167886,2.321428
24,29,411,HandTipRight,-0.4586116,0.1001271,2.470806
24,29,411,ThumbRight,-0.4404565,0.1584389,2.440877
24,29,507,SpineBase,-0.6613514,0.245302,2.526465
24,29,507,SpineMid,-0.6517246,0.5418099,2.430164
24,29,507,Neck,-0.6386995,0.8277586,2.322726
24,29,507,Head,-0.5937624,0.9597838,2.297347
24,29,507,ShoulderLeft,-0.7448597,0.6949361,2.268527
24,29,507,ElbowLeft,-0.8273647,0.4334995,2.342383
24,29,507,WristLeft,-0.8383002,0.2134266,2.339074
24,29,507,HandLeft,-0.8222687,0.1644765,2.348838
24,29,507,ShoulderRight,-0.5304862,0.7249314,2.484909
24,29,507,ElbowRight,-0.5118775,0.4298349,2.524762
24,29,507,WristRight,-0.4760658,0.2121187,2.502943
24,29,507,HandRight,-0.4784113,0.1623018,2.493022
24,29,507,HipLeft,-0.69604,0.2366118,2.449848
24,29,508,KneeLeft,-0.750544,-0.09618211,2.444743
24,29,508,AnkleLeft,-0.7152596,-0.4654998,2.537713
24,29,508,FootLeft,-0.6448681,-0.5153944,2.457172
24,29,508,HipRight,-0.6078923,0.2470128,2.53121
24,29,508,KneeRight,-0.5990055,-0.06545216,2.608215
24,29,508,AnkleRight,-0.6728706,-0.3925017,2.831717
24,29,508,FootRight,-0.6525655,-0.4777206,2.798003
24,29,508,SpineShoulder,-0.6425616,0.7578647,2.351628
24,29,508,HandTipLeft,-0.8356988,0.08405074,2.358389
24,29,508,ThumbLeft,-0.7790247,0.1659738,2.332079
24,29,508,HandTipRight,-0.4801895,0.09542529,2.500943
24,29,508,ThumbRight,-0.4786433,0.1725571,2.449727
24,29,606,SpineBase,-0.6641032,0.2629709,2.567645
24,29,606,SpineMid,-0.6524343,0.557996,2.472077
24,29,606,Neck,-0.6374817,0.8426346,2.365518
24,29,606,Head,-0.5820192,0.9707129,2.347486
24,29,606,ShoulderLeft,-0.7392936,0.7153268,2.309936
24,29,606,ElbowLeft,-0.8245489,0.4458991,2.369636
24,29,606,WristLeft,-0.8182034,0.2247101,2.360892
24,29,606,HandLeft,-0.8010507,0.1753544,2.376878
24,29,606,ShoulderRight,-0.5282683,0.7325985,2.539675
24,29,606,ElbowRight,-0.5183657,0.439009,2.561063
24,29,606,WristRight,-0.4850942,0.2204702,2.538674
24,29,606,HandRight,-0.4911334,0.165251,2.537489
24,29,606,HipLeft,-0.6976131,0.2544677,2.486683
24,29,606,KneeLeft,-0.7617081,-0.07835991,2.493587
24,29,606,AnkleLeft,-0.720336,-0.4674621,2.543367
24,29,606,FootLeft,-0.6481107,-0.517125,2.464632
24,29,607,HipRight,-0.6121717,0.2640489,2.577094
24,29,607,KneeRight,-0.6075106,-0.05270348,2.641043
24,29,607,AnkleRight,-0.6731632,-0.3753814,2.835315
24,29,607,FootRight,-0.6674545,-0.4627175,2.812593
24,29,607,SpineShoulder,-0.6418095,0.7730474,2.394192
24,29,607,HandTipLeft,-0.8035714,0.1023227,2.382411
24,29,607,ThumbLeft,-0.7594588,0.1848732,2.374286
24,29,607,HandTipRight,-0.4955558,0.09682357,2.548649
24,29,607,ThumbRight,-0.4723372,0.1594312,2.503059
24,29,668,SpineBase,-0.6631539,0.2681583,2.579499
24,29,668,SpineMid,-0.6526754,0.5635169,2.485117
24,29,668,Neck,-0.6390306,0.8485103,2.379774
24,29,668,Head,-0.5831748,0.976564,2.358832
24,29,668,ShoulderLeft,-0.7428576,0.7194399,2.323457
24,29,668,ElbowLeft,-0.8210943,0.4598566,2.384824
24,29,668,WristLeft,-0.8121356,0.2383163,2.371756
24,29,668,HandLeft,-0.7954628,0.1846177,2.387454
24,29,668,ShoulderRight,-0.5286193,0.7356244,2.546427
24,29,668,ElbowRight,-0.522667,0.4471811,2.575638
24,29,668,WristRight,-0.493927,0.2246795,2.562177
24,29,668,HandRight,-0.4979263,0.1626751,2.56852
24,29,668,HipLeft,-0.6978763,0.259837,2.500365
24,29,668,KneeLeft,-0.7641279,-0.07615639,2.503309
24,29,668,AnkleLeft,-0.7370982,-0.4718687,2.568344
24,29,668,FootLeft,-0.7011638,-0.5652493,2.497545
24,29,668,HipRight,-0.61022,0.2689559,2.587076
24,29,668,KneeRight,-0.6151229,-0.04787009,2.669751
24,29,668,AnkleRight,-0.6739563,-0.3749241,2.836913
24,29,668,FootRight,-0.6042569,-0.4265513,2.756008
24,29,668,SpineShoulder,-0.6430194,0.7788303,2.408143
24,29,668,HandTipLeft,-0.7946851,0.115257,2.387974
24,29,669,ThumbLeft,-0.7583174,0.1695949,2.3859
24,29,669,HandTipRight,-0.5041628,0.1002481,2.583513
24,29,669,ThumbRight,-0.4825913,0.1671995,2.534
24,29,737,SpineBase,-0.6617491,0.2758396,2.597421
24,29,737,SpineMid,-0.6545067,0.5702487,2.501949
24,29,737,Neck,-0.6438887,0.8545088,2.395884
24,29,737,Head,-0.5894625,0.9845388,2.376426
24,29,737,ShoulderLeft,-0.7529168,0.7287552,2.345951
24,29,738,ElbowLeft,-0.8215404,0.4654144,2.392805
24,29,738,WristLeft,-0.8050069,0.2278501,2.38303
24,29,738,HandLeft,-0.7923681,0.1857918,2.396627
24,29,738,ShoulderRight,-0.5288414,0.7380906,2.555211
24,29,738,ElbowRight,-0.5259548,0.4588574,2.594103
24,29,738,WristRight,-0.5063418,0.238142,2.59387
24,29,738,HandRight,-0.518024,0.1731146,2.599376
24,29,738,HipLeft,-0.6985986,0.268493,2.521086
24,29,738,KneeLeft,-0.7678138,-0.06083446,2.515603
24,29,738,AnkleLeft,-0.7557632,-0.4654805,2.605101
24,29,738,FootLeft,-0.6878144,-0.5163233,2.521406
24,29,738,HipRight,-0.6070077,0.2756295,2.602294
24,29,738,KneeRight,-0.6188231,-0.04758295,2.687854
24,29,738,AnkleRight,-0.6745649,-0.3768089,2.839683
24,29,738,FootRight,-0.6082656,-0.429145,2.755321
24,29,738,SpineShoulder,-0.6471307,0.7849917,2.424401
24,29,738,HandTipLeft,-0.7982449,0.119582,2.397315
24,29,738,ThumbLeft,-0.7566763,0.2012374,2.398929
24,29,738,HandTipRight,-0.5160816,0.1019475,2.610025
24,29,738,ThumbRight,-0.4979081,0.1698219,2.563565
24,29,836,SpineBase,-0.6641892,0.2805999,2.612271
24,29,836,SpineMid,-0.662735,0.5768627,2.523981
24,29,836,Neck,-0.6599802,0.8631963,2.426392
24,29,836,Head,-0.6075302,0.992985,2.40034
24,29,836,ShoulderLeft,-0.7691666,0.7328738,2.370534
24,29,836,ElbowLeft,-0.8236192,0.4745326,2.408273
24,29,836,WristLeft,-0.8042877,0.2242871,2.393718
24,29,836,HandLeft,-0.796074,0.1836629,2.411072
24,29,836,ShoulderRight,-0.533348,0.7445069,2.568072
24,29,836,ElbowRight,-0.5329106,0.4725415,2.612757
24,29,836,WristRight,-0.5124561,0.2514835,2.606178
24,29,836,HandRight,-0.5385526,0.2060314,2.621255
24,29,836,HipLeft,-0.7029039,0.2721732,2.536636
24,29,836,KneeLeft,-0.776887,-0.05604106,2.532353
24,29,836,AnkleLeft,-0.7958218,-0.4555326,2.688681
24,29,836,FootLeft,-0.7811987,-0.5272624,2.632562
24,29,836,HipRight,-0.6075057,0.2812981,2.616287
24,29,836,KneeRight,-0.6235586,-0.04598999,2.7015
24,29,836,AnkleRight,-0.6769627,-0.3746266,2.845336
24,29,836,FootRight,-0.6690452,-0.4627892,2.811338
24,29,836,SpineShoulder,-0.6610801,0.7931378,2.452685
24,29,836,HandTipLeft,-0.8020814,0.1155782,2.406451
24,29,836,ThumbLeft,-0.7593436,0.1961072,2.409941
24,29,836,HandTipRight,-0.5232984,0.1232512,2.634598
24,29,836,ThumbRight,-0.5073955,0.1945202,2.611583
24,29,904,SpineBase,-0.6666929,0.2831903,2.619556
24,29,905,SpineMid,-0.667196,0.5790095,2.53018
24,29,905,Neck,-0.665096,0.8646781,2.430595
24,29,905,Head,-0.6183165,0.9979402,2.407714
24,29,905,ShoulderLeft,-0.7752234,0.7335164,2.374814
24,29,905,ElbowLeft,-0.8247219,0.4740734,2.41361
24,29,905,WristLeft,-0.8080447,0.2268982,2.40106
24,29,905,HandLeft,-0.8007271,0.1855727,2.41956
24,29,905,ShoulderRight,-0.5402102,0.7498165,2.573708
24,29,905,ElbowRight,-0.5408957,0.4861174,2.621084
24,29,905,WristRight,-0.519559,0.2652682,2.621539
24,29,905,HandRight,-0.5450453,0.2210469,2.628626
24,29,905,HipLeft,-0.7060186,0.2754586,2.544813
24,29,905,KneeLeft,-0.7865294,-0.05961458,2.559159
24,29,905,AnkleLeft,-0.8248764,-0.4136745,2.721894
24,29,905,FootLeft,-0.815918,-0.5117188,2.689453
24,29,905,HipRight,-0.6093294,0.2832015,2.622605
24,29,905,KneeRight,-0.6264197,-0.04549318,2.708177
24,29,905,AnkleRight,-0.6788814,-0.3734483,2.848752
24,29,905,FootRight,-0.6690068,-0.4562612,2.814787
24,29,905,SpineShoulder,-0.6661636,0.7947964,2.457445
24,29,905,HandTipLeft,-0.7972805,0.1199625,2.41792
24,29,905,ThumbLeft,-0.7621841,0.2097896,2.418046
24,29,905,HandTipRight,-0.526423,0.1275985,2.650343
24,29,905,ThumbRight,-0.5109252,0.1997906,2.628778
24,29,972,SpineBase,-0.6698098,0.2836454,2.622466
24,29,972,SpineMid,-0.6730154,0.5797749,2.533425
24,29,973,Neck,-0.6737549,0.8657572,2.433657
24,29,973,Head,-0.6284894,0.9995079,2.41166
24,29,973,ShoulderLeft,-0.7835268,0.7335128,2.379465
24,29,973,ElbowLeft,-0.8328832,0.4686376,2.423364
24,29,973,WristLeft,-0.823842,0.2465113,2.4164
24,29,973,HandLeft,-0.8107702,0.1961001,2.43003
24,29,973,ShoulderRight,-0.5493351,0.7519706,2.576677
24,29,973,ElbowRight,-0.5459993,0.48987,2.630185
24,29,973,WristRight,-0.5338017,0.268706,2.63674
24,29,973,HandRight,-0.5464061,0.22794,2.631615
24,29,973,HipLeft,-0.7092505,0.2754259,2.548131
24,29,973,KneeLeft,-0.8014775,-0.05169752,2.583853
24,29,973,AnkleLeft,-0.84505,-0.4128827,2.762974
24,29,973,FootLeft,-0.7790518,-0.4640878,2.676413
24,29,973,HipRight,-0.6122192,0.2840921,2.625132
24,29,973,KneeRight,-0.6268396,-0.04541235,2.715141
24,29,973,AnkleRight,-0.6798707,-0.3731947,2.851998
24,29,973,FootRight,-0.6693674,-0.4558455,2.814961
24,29,973,SpineShoulder,-0.6741239,0.7957991,2.460611
24,29,973,HandTipLeft,-0.8065763,0.1186223,2.430062
24,29,973,ThumbLeft,-0.7721246,0.2009383,2.432632
24,29,973,HandTipRight,-0.5406559,0.1575487,2.648484
24,29,973,ThumbRight,-0.5138783,0.2004294,2.633546
24,30,106,SpineBase,-0.6803609,0.2850766,2.624417
24,30,106,SpineMid,-0.6915578,0.581941,2.534764
24,30,107,Neck,-0.7008299,0.8686199,2.433686
24,30,107,Head,-0.6622364,1.005241,2.413493
24,30,107,ShoulderLeft,-0.8065498,0.7341731,2.379491
24,30,107,ElbowLeft,-0.8546948,0.467978,2.429198
24,30,107,WristLeft,-0.8338951,0.2463054,2.423818
24,30,107,HandLeft,-0.8273115,0.2025139,2.444633
24,30,107,ShoulderRight,-0.5783839,0.7622965,2.582605
24,30,107,ElbowRight,-0.5592933,0.4941481,2.639446
24,30,107,WristRight,-0.5428643,0.2725673,2.639333
24,30,107,HandRight,-0.5485591,0.2198819,2.637316
24,30,107,HipLeft,-0.718862,0.2742917,2.550756
24,30,107,KneeLeft,-0.8314717,-0.05426558,2.630095
24,30,107,AnkleLeft,-0.8477844,-0.4083174,2.764222
24,30,107,FootLeft,-0.7795577,-0.4586641,2.6793
24,30,107,HipRight,-0.6240027,0.2884452,2.626469
24,30,107,KneeRight,-0.6267893,-0.04407942,2.716203
24,30,107,AnkleRight,-0.6801307,-0.3730605,2.852101
24,30,107,FootRight,-0.6693036,-0.4569849,2.814884
24,30,107,SpineShoulder,-0.6990497,0.7984918,2.461023
24,30,107,HandTipLeft,-0.8265512,0.1204708,2.453136
24,30,107,ThumbLeft,-0.7845335,0.2062636,2.443704
24,30,107,HandTipRight,-0.5406272,0.1440452,2.656554
24,30,107,ThumbRight,-0.5140747,0.2411816,2.634187
24,30,172,SpineBase,-0.6902431,0.2826909,2.624479
24,30,172,SpineMid,-0.7012708,0.5800298,2.534235
24,30,173,Neck,-0.7087956,0.8672484,2.432891
24,30,173,Head,-0.6701664,1.00375,2.411264
24,30,173,ShoulderLeft,-0.8154144,0.7330475,2.379472
24,30,173,ElbowLeft,-0.8601841,0.4664426,2.430165
24,30,173,WristLeft,-0.8411217,0.2445002,2.426039
24,30,173,HandLeft,-0.8332316,0.1962147,2.443497
24,30,173,ShoulderRight,-0.583414,0.7627345,2.580557
24,30,173,ElbowRight,-0.5639833,0.4961514,2.64243
24,30,173,WristRight,-0.5473457,0.2743622,2.641702
24,30,173,HandRight,-0.55158,0.2159722,2.641038
24,30,173,HipLeft,-0.7303513,0.2697629,2.551814
24,30,173,KneeLeft,-0.8324611,-0.05654052,2.630517
24,30,173,AnkleLeft,-0.8497321,-0.4056596,2.764875
24,30,173,FootLeft,-0.7823904,-0.4562494,2.679324
24,30,173,HipRight,-0.6319044,0.2877413,2.625766
24,30,173,KneeRight,-0.6272736,-0.04381741,2.715845
24,30,173,AnkleRight,-0.6806879,-0.3719608,2.852297
24,30,173,FootRight,-0.670579,-0.4568498,2.816337
24,30,173,SpineShoulder,-0.7075539,0.7969846,2.460262
24,30,173,HandTipLeft,-0.8324961,0.1123167,2.450232
24,30,173,ThumbLeft,-0.7876227,0.203991,2.441
24,30,173,HandTipRight,-0.5444251,0.1425966,2.654464
24,30,173,ThumbRight,-0.5212801,0.2417994,2.643417
24,30,271,SpineBase,-0.6995806,0.2809846,2.621717
24,30,271,SpineMid,-0.7128274,0.5777634,2.530891
24,30,271,Neck,-0.7223071,0.864312,2.429112
24,30,271,Head,-0.6881386,0.9991903,2.397869
24,30,271,ShoulderLeft,-0.8296893,0.7294972,2.37623
24,30,271,ElbowLeft,-0.8684009,0.4674334,2.431714
24,30,271,WristLeft,-0.8537241,0.2353997,2.424193
24,30,271,HandLeft,-0.8410394,0.1869905,2.439652
24,30,271,ShoulderRight,-0.5959108,0.7626989,2.574212
24,30,271,ElbowRight,-0.570121,0.4986256,2.641657
24,30,271,WristRight,-0.5301006,0.2876939,2.690156
24,30,271,HandRight,-0.5446064,0.2028697,2.655972
24,30,271,HipLeft,-0.7390574,0.2676163,2.549418
24,30,271,KneeLeft,-0.8336539,-0.05949472,2.625734
24,30,271,AnkleLeft,-0.8509598,-0.4015696,2.763699
24,30,271,FootLeft,-0.7842115,-0.4522878,2.677555
24,30,271,HipRight,-0.6412161,0.2866379,2.62265
24,30,271,KneeRight,-0.6316877,-0.04332003,2.713064
24,30,271,AnkleRight,-0.682299,-0.3679725,2.851461
24,30,271,FootRight,-0.6685899,-0.458907,2.814281
24,30,271,SpineShoulder,-0.7206205,0.7942188,2.456574
24,30,271,HandTipLeft,-0.8376377,0.1097625,2.444928
24,30,271,ThumbLeft,-0.7963954,0.1950651,2.438586
24,30,271,HandTipRight,-0.5421727,0.1307083,2.67232
24,30,271,ThumbRight,-0.5207461,0.1916351,2.624733
24,30,344,SpineBase,-0.7062165,0.2811334,2.618966
24,30,344,SpineMid,-0.7207966,0.5767958,2.527426
24,30,344,Neck,-0.7315791,0.8620139,2.424913
24,30,344,Head,-0.696802,0.9959729,2.390911
24,30,344,ShoulderLeft,-0.8358273,0.7286001,2.373808
24,30,344,ElbowLeft,-0.8766258,0.4666124,2.431023
24,30,344,WristLeft,-0.858218,0.2326223,2.421771
24,30,344,HandLeft,-0.8450168,0.1828942,2.434704
24,30,344,ShoulderRight,-0.6023773,0.7617334,2.570483
24,30,344,ElbowRight,-0.574837,0.4981342,2.640628
24,30,344,WristRight,-0.5340097,0.2878895,2.691511
24,30,344,HandRight,-0.5474555,0.2056328,2.654118
24,30,344,HipLeft,-0.7454892,0.26757,2.546839
24,30,344,KneeLeft,-0.8356634,-0.06320821,2.616044
24,30,344,AnkleLeft,-0.8510327,-0.4014598,2.763647
24,30,344,FootLeft,-0.784422,-0.4522279,2.677339
24,30,344,HipRight,-0.6477901,0.2869967,2.619736
24,30,344,KneeRight,-0.6386445,-0.041406,2.708185
24,30,344,AnkleRight,-0.6832914,-0.3632043,2.850345
24,30,344,FootRight,-0.6705579,-0.4579845,2.816205
24,30,344,SpineShoulder,-0.729573,0.7922709,2.452562
24,30,344,HandTipLeft,-0.841428,0.1045298,2.446988
24,30,344,ThumbLeft,-0.7995714,0.1884293,2.436
24,30,344,HandTipRight,-0.5422578,0.1358603,2.66775
24,30,344,ThumbRight,-0.5217162,0.1961215,2.624393
24,30,442,SpineBase,-0.7183089,0.2788427,2.610427
24,30,442,SpineMid,-0.7350377,0.5720583,2.516315
24,30,442,Neck,-0.7477762,0.8545642,2.411052
24,30,442,Head,-0.7188843,0.9835676,2.366563
24,30,442,ShoulderLeft,-0.8441664,0.7276884,2.368421
24,30,442,ElbowLeft,-0.8818038,0.4655626,2.42522
24,30,442,WristLeft,-0.8617736,0.2284495,2.41791
24,30,442,HandLeft,-0.8483917,0.178989,2.427925
24,30,442,ShoulderRight,-0.618193,0.7569427,2.552804
24,30,442,ElbowRight,-0.587266,0.5009747,2.634189
24,30,442,WristRight,-0.5394977,0.2932715,2.689245
24,30,442,HandRight,-0.5512209,0.2127625,2.645962
24,30,442,HipLeft,-0.7581289,0.2653535,2.53927
24,30,442,KneeLeft,-0.8382912,-0.06540179,2.598868
24,30,442,AnkleLeft,-0.8514137,-0.4015031,2.763739
24,30,442,FootLeft,-0.785906,-0.4526404,2.676535
24,30,442,HipRight,-0.6590074,0.2846794,2.610222
24,30,443,KneeRight,-0.6443032,-0.04143834,2.704173
24,30,443,AnkleRight,-0.6837075,-0.3683019,2.850563
24,30,443,FootRight,-0.6674546,-0.4673249,2.815427
24,30,443,SpineShoulder,-0.7453122,0.7855165,2.439401
24,30,443,HandTipLeft,-0.8501281,0.09818669,2.434956
24,30,443,ThumbLeft,-0.8056834,0.1836749,2.427734
24,30,443,HandTipRight,-0.542111,0.1369253,2.656809
24,30,443,ThumbRight,-0.5280387,0.1986778,2.612313
24,30,508,SpineBase,-0.7244442,0.277466,2.603796
24,30,508,SpineMid,-0.7419388,0.5692142,2.507581
24,30,508,Neck,-0.7551665,0.8503183,2.400264
24,30,508,Head,-0.7257099,0.9795662,2.356615
24,30,508,ShoulderLeft,-0.8494083,0.7252977,2.358737
24,30,508,ElbowLeft,-0.8816001,0.4697316,2.410642
24,30,508,WristLeft,-0.8633348,0.2252386,2.413752
24,30,508,HandLeft,-0.8491436,0.1753266,2.422179
24,30,508,ShoulderRight,-0.6258812,0.7538764,2.536053
24,30,508,ElbowRight,-0.6035866,0.5246991,2.622786
24,30,508,WristRight,-0.5591543,0.2862279,2.636646
24,30,508,HandRight,-0.560286,0.2041985,2.632287
24,30,508,HipLeft,-0.7645193,0.264263,2.533266
24,30,508,KneeLeft,-0.8398078,-0.06863895,2.591806
24,30,509,AnkleLeft,-0.8520939,-0.4025674,2.762891
24,30,509,FootLeft,-0.8356504,-0.4900199,2.734617
24,30,509,HipRight,-0.6646425,0.2830441,2.603013
24,30,509,KneeRight,-0.6498107,-0.05184597,2.695181
24,30,509,AnkleRight,-0.6831684,-0.3823464,2.846787
24,30,509,FootRight,-0.6673517,-0.468836,2.813473
24,30,509,SpineShoulder,-0.7526105,0.7816094,2.429116
24,30,509,HandTipLeft,-0.85864,0.0964262,2.42191
24,30,509,ThumbLeft,-0.8094243,0.1746803,2.422963
24,30,509,HandTipRight,-0.5524591,0.1346248,2.647293
24,30,509,ThumbRight,-0.529938,0.1875261,2.616059
