11,42,275,SpineBase,-0.65839,0.1813144,2.349629
11,42,279,SpineMid,-0.6577156,0.4738149,2.246007
11,42,279,Neck,-0.6530721,0.7557406,2.131499
11,42,279,Head,-0.6072264,0.8826561,2.118375
11,42,279,ShoulderLeft,-0.7337807,0.6263129,2.085377
11,42,279,ElbowLeft,-0.7687609,0.3923771,2.128603
11,42,279,WristLeft,-0.7533142,0.1517647,2.116369
11,42,279,HandLeft,-0.7504227,0.05804527,2.091287
11,42,279,ShoulderRight,-0.5536495,0.6445099,2.270512
11,42,279,ElbowRight,-0.5581614,0.4462519,2.394487
11,42,279,WristRight,-0.54393,0.2792956,2.444643
11,42,279,HandRight,-0.5370642,0.253884,2.396577
11,42,279,HipLeft,-0.6898137,0.1743576,2.277117
11,42,279,KneeLeft,-0.742453,-0.06336496,2.314502
11,42,280,AnkleLeft,-0.7843128,-0.2609337,2.366126
11,42,280,FootLeft,-0.6840057,-0.3336078,2.346189
11,42,280,HipRight,-0.6074374,0.1828808,2.352302
11,42,280,KneeRight,-0.5252627,-0.1364189,2.389821
11,42,280,AnkleRight,-0.4600132,-0.4120019,2.430259
11,42,280,FootRight,-0.3872095,-0.4670718,2.346276
11,42,280,SpineShoulder,-0.6549218,0.6868562,2.162098
11,42,280,HandTipLeft,-0.7458625,0.03448002,2.079402
11,42,280,ThumbLeft,-0.7451321,0.07004348,2.055
11,42,280,HandTipRight,-0.5285316,0.2302313,2.370919
11,42,280,ThumbRight,-0.5288317,0.2394757,2.351
11,42,405,SpineBase,-0.5599936,0.1428029,2.298256
11,42,405,SpineMid,-0.5448423,0.4484442,2.197992
11,42,405,Neck,-0.5265723,0.7427176,2.086229
11,42,405,Head,-0.4582125,0.863757,2.069728
11,42,405,ShoulderLeft,-0.6287241,0.6152085,2.020327
11,42,405,ElbowLeft,-0.7248433,0.356122,2.058447
11,42,405,WristLeft,-0.7129442,0.1257157,2.042062
11,42,405,HandLeft,-0.7066923,0.05729797,2.048723
11,42,405,ShoulderRight,-0.4390406,0.610209,2.232935
11,42,405,ElbowRight,-0.4537961,0.3905968,2.341598
11,42,406,WristRight,-0.4125845,0.1932494,2.377303
11,42,406,HandRight,-0.4111201,0.1653021,2.369577
11,42,406,HipLeft,-0.5908103,0.1414951,2.21405
11,42,406,KneeLeft,-0.6798065,-0.161479,2.264693
11,42,406,AnkleLeft,-0.7859473,-0.3304493,2.369819
11,42,406,FootLeft,-0.712278,-0.3821048,2.291988
11,42,406,HipRight,-0.51175,0.139655,2.310672
11,42,406,KneeRight,-0.4278174,-0.1556039,2.340163
11,42,406,AnkleRight,-0.4247411,-0.4586186,2.419381
11,42,406,FootRight,-0.3561988,-0.5083861,2.340567
11,42,406,SpineShoulder,-0.5316852,0.670858,2.116215
11,42,406,HandTipLeft,-0.7048811,-0.00720179,2.052798
11,42,406,ThumbLeft,-0.7104591,0.06529365,2.005862
11,42,406,HandTipRight,-0.4043062,0.1404329,2.376817
11,42,406,ThumbRight,-0.4086344,0.1623737,2.333286
11,42,484,SpineBase,-0.5105091,0.1366006,2.270307
11,42,484,SpineMid,-0.4959407,0.4437163,2.170698
11,42,484,Neck,-0.4784767,0.7391675,2.059432
11,42,484,Head,-0.4030848,0.8576162,2.042434
11,42,484,ShoulderLeft,-0.5835097,0.616066,1.995453
11,42,484,ElbowLeft,-0.6946818,0.3517151,2.047862
11,42,484,WristLeft,-0.6955006,0.1250729,2.039959
11,42,484,HandLeft,-0.6848555,0.06080083,2.035485
11,42,484,ShoulderRight,-0.3927647,0.5980223,2.208082
11,42,484,ElbowRight,-0.4048526,0.3855149,2.31656
11,42,484,WristRight,-0.3538389,0.1802147,2.353036
11,42,484,HandRight,-0.3491615,0.1232661,2.343817
11,42,484,HipLeft,-0.5439658,0.1382068,2.185709
11,42,484,KneeLeft,-0.6071454,-0.151038,2.189116
11,42,484,AnkleLeft,-0.7761114,-0.3830015,2.416485
11,42,484,FootLeft,-0.7026369,-0.4346004,2.337274
11,42,484,HipRight,-0.4608012,0.1306361,2.28232
11,42,484,KneeRight,-0.407675,-0.1552094,2.325347
11,42,484,AnkleRight,-0.4215703,-0.5123416,2.433777
11,42,484,FootRight,-0.3879361,-0.5970375,2.397732
11,42,484,SpineShoulder,-0.4833474,0.6670548,2.089312
11,42,485,HandTipLeft,-0.6793492,-0.004849047,2.046128
11,42,485,ThumbLeft,-0.7133722,0.05967671,2.023292
11,42,485,HandTipRight,-0.3257795,0.05827825,2.355289
11,42,485,ThumbRight,-0.3486661,0.1072655,2.306
11,42,534,SpineBase,-0.4652363,0.1517833,2.241405
11,42,534,SpineMid,-0.4532442,0.454554,2.140611
11,42,534,Neck,-0.4385249,0.7455174,2.028209
11,42,534,Head,-0.361492,0.8609895,2.006744
11,42,534,ShoulderLeft,-0.5516229,0.6189125,1.973276
11,42,534,ElbowLeft,-0.6580154,0.3508587,2.03215
11,42,535,WristLeft,-0.6714827,0.1304511,2.031878
11,42,535,HandLeft,-0.6634047,0.07133434,2.036759
11,42,535,ShoulderRight,-0.3509113,0.6062788,2.170998
11,42,535,ElbowRight,-0.3565843,0.3868369,2.291265
11,42,535,WristRight,-0.3083908,0.1738559,2.316576
11,42,535,HandRight,-0.2945236,0.1045184,2.309398
11,42,535,HipLeft,-0.5020513,0.1521281,2.158166
11,42,535,KneeLeft,-0.5327744,-0.1400593,2.119114
11,42,535,AnkleLeft,-0.7046942,-0.4299788,2.337682
11,42,535,FootLeft,-0.636553,-0.4804146,2.255873
11,42,535,HipRight,-0.4133792,0.1465154,2.251825
11,42,535,KneeRight,-0.3747224,-0.1556105,2.310222
11,42,535,AnkleRight,-0.4219097,-0.525838,2.438191
11,42,535,FootRight,-0.3894456,-0.5967156,2.397512
11,42,535,SpineShoulder,-0.4426786,0.6745492,2.058365
11,42,535,HandTipLeft,-0.6622123,0.003677976,2.050097
11,42,535,ThumbLeft,-0.6968586,0.08333866,2.027882
11,42,535,HandTipRight,-0.2746094,0.04588788,2.313325
11,42,535,ThumbRight,-0.3099216,0.0894293,2.276546
11,42,638,SpineBase,-0.406248,0.1679219,2.180461
11,42,639,SpineMid,-0.3977373,0.4618524,2.086474
11,42,639,Neck,-0.3867638,0.7438924,1.981034
11,42,639,Head,-0.3163887,0.8606288,1.951686
11,42,639,ShoulderLeft,-0.4955544,0.6171244,1.925067
11,42,639,ElbowLeft,-0.607118,0.3626924,1.999686
11,42,639,WristLeft,-0.6399621,0.1444138,2.021819
11,42,639,HandLeft,-0.634016,0.07737387,2.035137
11,42,639,ShoulderRight,-0.2867807,0.6246114,2.110065
11,42,639,ElbowRight,-0.2874844,0.3812455,2.242329
11,42,639,WristRight,-0.2378685,0.1740676,2.259089
11,42,639,HandRight,-0.2237719,0.1045209,2.252908
11,42,639,HipLeft,-0.447268,0.1632888,2.10225
11,42,639,KneeLeft,-0.4616621,-0.1911101,2.056495
11,42,639,AnkleLeft,-0.5528281,-0.5585132,2.235014
11,42,639,FootLeft,-0.53125,-0.6479492,2.1875
11,42,639,HipRight,-0.3517737,0.1669664,2.18608
11,42,639,KneeRight,-0.3403138,-0.1643957,2.290003
11,42,639,AnkleRight,-0.4174624,-0.5217973,2.433982
11,42,639,FootRight,-0.3965118,-0.5981638,2.40775
11,42,639,SpineShoulder,-0.3899347,0.6751589,2.009429
11,42,639,HandTipLeft,-0.6358849,0.008042756,2.056374
11,42,639,ThumbLeft,-0.6662014,0.097307,2.028692
11,42,639,HandTipRight,-0.2080794,0.04519176,2.248704
11,42,639,ThumbRight,-0.2158114,0.1000243,2.214063
11,42,704,SpineBase,-0.368514,0.1471465,2.148132
11,42,704,SpineMid,-0.3628361,0.4421365,2.053234
11,42,704,Neck,-0.3548564,0.7251925,1.946878
11,42,704,Head,-0.2853617,0.8455065,1.911356
11,42,705,ShoulderLeft,-0.4666811,0.6009589,1.895824
11,42,705,ElbowLeft,-0.577123,0.3572704,1.979688
11,42,705,WristLeft,-0.6191548,0.1453682,2.011097
11,42,705,HandLeft,-0.6139281,0.07348843,2.02436
11,42,705,ShoulderRight,-0.2522355,0.6083695,2.068957
11,42,705,ElbowRight,-0.243963,0.3644316,2.202335
11,42,705,WristRight,-0.1942734,0.1619953,2.216974
11,42,705,HandRight,-0.1803619,0.09676836,2.209819
11,42,705,HipLeft,-0.4115938,0.1425491,2.071927
11,42,705,KneeLeft,-0.4046396,-0.2175656,2.01545
11,42,705,AnkleLeft,-0.4242938,-0.6084026,2.11204
11,42,705,FootLeft,-0.3850098,-0.6958008,2.048828
11,42,705,HipRight,-0.3130613,0.1467762,2.151804
11,42,705,KneeRight,-0.3095496,-0.1718563,2.283377
11,42,705,AnkleRight,-0.4134442,-0.5371403,2.420885
11,42,705,FootRight,-0.3870484,-0.6149291,2.376254
11,42,705,SpineShoulder,-0.3572062,0.6561865,1.975447
11,42,705,HandTipLeft,-0.6185057,0.007648574,2.042687
11,42,705,ThumbLeft,-0.6402964,0.0734106,2.0195
11,42,705,HandTipRight,-0.161941,0.03227498,2.205288
11,42,705,ThumbRight,-0.159895,0.08130139,2.186211
11,42,805,SpineBase,-0.3184553,0.1351229,2.073723
11,42,805,SpineMid,-0.3140609,0.4195117,1.985634
11,42,805,Neck,-0.3075501,0.6920506,1.886039
11,42,805,Head,-0.244341,0.8150729,1.84774
11,42,805,ShoulderLeft,-0.4188709,0.5646852,1.834098
11,42,805,ElbowLeft,-0.5245568,0.31448,1.928092
11,42,805,WristLeft,-0.5607766,0.1085456,1.965189
11,42,805,HandLeft,-0.5661026,0.03836523,1.986378
11,42,805,ShoulderRight,-0.1985232,0.5756546,2.015042
11,42,805,ElbowRight,-0.1878969,0.3331012,2.138599
11,42,805,WristRight,-0.1368583,0.1262113,2.157864
11,42,805,HandRight,-0.1214061,0.0549276,2.158629
11,42,805,HipLeft,-0.3622231,0.1301766,1.998238
11,42,805,KneeLeft,-0.3709346,-0.1450906,1.961651
11,42,805,AnkleLeft,-0.2963598,-0.5825174,1.972781
11,42,805,FootLeft,-0.2380605,-0.662182,1.904279
11,42,805,HipRight,-0.2636849,0.1353686,2.07707
11,42,805,KneeRight,-0.2490482,-0.1628728,2.222852
11,42,805,AnkleRight,-0.3518068,-0.4873268,2.370484
11,42,805,FootRight,-0.3174167,-0.5334442,2.244377
11,42,805,SpineShoulder,-0.3095411,0.6256799,1.912969
11,42,805,HandTipLeft,-0.5708923,-0.02878643,2.011779
11,42,805,ThumbLeft,-0.5998213,0.05630425,1.99
11,42,806,HandTipRight,-0.1080312,-0.003467976,2.158661
11,42,806,ThumbRight,-0.1021863,0.0489439,2.13484
11,42,904,SpineBase,-0.2629111,0.1272612,1.989879
11,42,904,SpineMid,-0.2645064,0.4039028,1.903393
11,42,904,Neck,-0.2640759,0.668623,1.805483
11,42,905,Head,-0.2116596,0.7982219,1.768361
11,42,905,ShoulderLeft,-0.3745916,0.533121,1.757641
11,42,905,ElbowLeft,-0.4664778,0.2718292,1.852792
11,42,905,WristLeft,-0.501048,0.06148012,1.887926
11,42,905,HandLeft,-0.5029395,-0.005695528,1.907011
11,42,905,ShoulderRight,-0.1446557,0.5575637,1.938437
11,42,905,ElbowRight,-0.1369566,0.3208484,2.060185
11,42,905,WristRight,-0.08784576,0.1121695,2.092398
11,42,905,HandRight,-0.07531257,0.04341697,2.097445
11,42,905,HipLeft,-0.3083894,0.1194688,1.919569
11,42,905,KneeLeft,-0.2897948,-0.2594873,1.901937
11,42,905,AnkleLeft,-0.2205726,-0.6776149,1.934481
11,42,905,FootLeft,-0.1505114,-0.7496189,1.86697
11,42,905,HipRight,-0.2080376,0.1304669,1.988538
11,42,905,KneeRight,-0.1914164,-0.1694547,2.148256
11,42,905,AnkleRight,-0.3868618,-0.5002483,2.376417
11,42,905,FootRight,-0.3380461,-0.5437615,2.252176
11,42,905,SpineShoulder,-0.2645248,0.6042153,1.83197
11,42,905,HandTipLeft,-0.5076346,-0.07560705,1.937692
11,42,905,ThumbLeft,-0.5358717,-0.01479011,1.915
11,42,905,HandTipRight,-0.0581376,-0.02067867,2.098695
11,42,905,ThumbRight,-0.04832666,0.001078928,2.083308
11,42,972,SpineBase,-0.2276925,0.1090904,1.929947
11,42,972,SpineMid,-0.2332685,0.3933734,1.842484
11,42,972,Neck,-0.236841,0.6651705,1.743553
11,42,972,Head,-0.1911792,0.796094,1.706805
11,42,972,ShoulderLeft,-0.3439813,0.5285443,1.698785
11,42,972,ElbowLeft,-0.4183083,0.2665129,1.789693
11,42,972,WristLeft,-0.446671,0.04837033,1.811185
11,42,972,HandLeft,-0.4489646,-0.01010045,1.828671
11,42,972,ShoulderRight,-0.113465,0.558983,1.872643
11,42,972,ElbowRight,-0.1011925,0.2998469,2.015178
11,42,972,WristRight,-0.06104138,0.08444668,2.043115
11,42,972,HandRight,-0.04782983,0.006809175,2.055607
11,42,972,HipLeft,-0.2747499,0.1001166,1.859764
11,42,972,KneeLeft,-0.2644322,-0.2661804,1.86265
11,42,972,AnkleLeft,-0.2175126,-0.6785133,1.928118
11,42,972,FootLeft,-0.1504687,-0.7515664,1.867835
11,42,973,HipRight,-0.1722849,0.1140188,1.928684
11,42,973,KneeRight,-0.1527323,-0.1725887,2.064071
11,42,973,AnkleRight,-0.3572423,-0.4766987,2.340225
11,42,973,FootRight,-0.3118968,-0.5292038,2.217447
11,42,973,SpineShoulder,-0.2362776,0.5990704,1.770271
11,42,973,HandTipLeft,-0.452965,-0.08335074,1.851243
11,42,973,ThumbLeft,-0.4754972,0.00377441,1.824813
11,42,973,HandTipRight,-0.04903869,-0.05759431,2.067757
11,42,973,ThumbRight,-0.02584792,0.006057533,2.035519
11,43,072,SpineBase,-0.1646049,0.07836208,1.864722
11,43,072,SpineMid,-0.1810075,0.375157,1.768423
11,43,072,Neck,-0.1953111,0.6586073,1.660397
11,43,072,Head,-0.1531571,0.7876281,1.626222
11,43,072,ShoulderLeft,-0.2984354,0.5157769,1.615832
11,43,072,ElbowLeft,-0.3582831,0.260864,1.688266
11,43,072,WristLeft,-0.3566212,0.03638438,1.689953
11,43,072,HandLeft,-0.3436688,-0.01861118,1.697819
11,43,072,ShoulderRight,-0.07447922,0.5546378,1.790516
11,43,072,ElbowRight,-0.0591105,0.2985982,1.92336
11,43,072,WristRight,-0.01880948,0.08220397,1.956067
11,43,072,HandRight,-0.01912701,0.0144004,1.969932
11,43,072,HipLeft,-0.2106543,0.06652212,1.795206
11,43,072,KneeLeft,-0.231797,-0.2736458,1.782206
11,43,072,AnkleLeft,-0.2142405,-0.6802635,1.92486
11,43,072,FootLeft,-0.1578923,-0.7488686,1.88017
11,43,072,HipRight,-0.1123067,0.08717335,1.862507
11,43,072,KneeRight,-0.07529212,-0.2305039,1.936083
11,43,072,AnkleRight,-0.155601,-0.4663745,2.1523
11,43,072,FootRight,-0.151366,-0.5473848,2.043756
11,43,072,SpineShoulder,-0.1920664,0.589726,1.689375
11,43,072,HandTipLeft,-0.3412748,-0.09327738,1.69855
11,43,072,ThumbLeft,-0.3846024,-0.01786131,1.703667
11,43,072,HandTipRight,-0.01408185,-0.04353079,1.969166
11,43,072,ThumbRight,-0.008345224,-0.003811,1.964421
11,43,134,SpineBase,-0.1236633,0.07465113,1.807278
11,43,135,SpineMid,-0.1474396,0.3736174,1.717681
11,43,135,Neck,-0.1690844,0.6586587,1.616341
11,43,135,Head,-0.1180708,0.7859669,1.584434
11,43,135,ShoulderLeft,-0.2654459,0.514002,1.568979
11,43,135,ElbowLeft,-0.3019984,0.2623471,1.623959
11,43,135,WristLeft,-0.2892699,0.02923966,1.610797
11,43,135,HandLeft,-0.2724181,-0.04369505,1.610065
11,43,135,ShoulderRight,-0.05161494,0.5554676,1.750156
11,43,135,ElbowRight,-0.04797386,0.2546568,1.7623
11,43,135,WristRight,-0.007476924,0.03711308,1.795172
11,43,135,HandRight,-0.007355152,-0.04909071,1.812583
11,43,135,HipLeft,-0.1701335,0.0619241,1.736623
11,43,135,KneeLeft,-0.2056329,-0.2951404,1.768147
11,43,135,AnkleLeft,-0.2108175,-0.6807619,1.923741
11,43,135,FootLeft,-0.1611494,-0.7487539,1.885111
11,43,135,HipRight,-0.07236891,0.08439122,1.806056
11,43,135,KneeRight,-0.03103967,-0.2524476,1.879402
11,43,135,AnkleRight,-0.126736,-0.4811376,2.124052
11,43,135,FootRight,-0.1315058,-0.5655261,2.018069
11,43,135,SpineShoulder,-0.1640011,0.5894444,1.643629
11,43,135,HandTipLeft,-0.2584546,-0.1220938,1.612394
11,43,135,ThumbLeft,-0.313433,-0.04282847,1.6131
11,43,135,HandTipRight,0.01486997,-0.1177717,1.824388
11,43,135,ThumbRight,0.008132255,0.0132832,1.822875
11,43,238,SpineBase,-0.06668741,0.06065424,1.756485
11,43,238,SpineMid,-0.09590106,0.3614631,1.6626
11,43,239,Neck,-0.1231556,0.6478944,1.556767
11,43,239,Head,-0.06800953,0.7715468,1.532131
11,43,239,ShoulderLeft,-0.2156036,0.5034116,1.503671
11,43,239,ElbowLeft,-0.2631832,0.2523213,1.53715
11,43,239,WristLeft,-0.1958849,0.01455189,1.501619
11,43,239,HandLeft,-0.1678103,-0.04940938,1.487077
11,43,239,ShoulderRight,-0.01231414,0.5470433,1.68592
11,43,239,ElbowRight,-0.01250113,0.2401463,1.700839
11,43,239,WristRight,0.02794651,0.02161211,1.73386
11,43,239,HandRight,0.03932778,-0.06034685,1.746192
11,43,239,HipLeft,-0.1146198,0.04569345,1.683316
11,43,239,KneeLeft,-0.1740457,-0.3152384,1.731429
11,43,239,AnkleLeft,-0.2042122,-0.6798611,1.916286
11,43,239,FootLeft,-0.1622204,-0.7482238,1.889922
11,43,239,HipRight,-0.01612976,0.07309844,1.757567
11,43,239,KneeRight,0.04390329,-0.2678038,1.820765
11,43,239,AnkleRight,-0.0411773,-0.6196144,2.035592
11,43,239,FootRight,-0.006839752,-0.7001953,2.013672
11,43,239,SpineShoulder,-0.1166374,0.5784068,1.585178
11,43,239,HandTipLeft,-0.1370474,-0.1134567,1.48063
11,43,239,ThumbLeft,-0.133427,-0.03214285,1.5505
11,43,239,HandTipRight,0.05752239,-0.1310668,1.74688
11,43,239,ThumbRight,0.07608312,-0.03272578,1.740657
11,43,337,SpineBase,-0.02348455,0.0432332,1.718418
11,43,337,SpineMid,-0.04800316,0.3451356,1.622259
11,43,337,Neck,-0.07113871,0.6324004,1.513913
11,43,337,Head,-0.01394334,0.75245,1.490254
11,43,337,ShoulderLeft,-0.1632881,0.4850616,1.459987
11,43,337,ElbowLeft,-0.1977008,0.2059488,1.490629
11,43,337,WristLeft,-0.1109921,0.0008117479,1.425632
11,43,337,HandLeft,-0.08345346,-0.04785602,1.399491
11,43,337,ShoulderRight,0.03720874,0.5343955,1.642977
11,43,338,ElbowRight,0.04202376,0.2235863,1.654015
11,43,338,WristRight,0.08239242,0.003393878,1.687321
11,43,338,HandRight,0.08764545,-0.08284453,1.711637
11,43,338,HipLeft,-0.07015762,0.03021811,1.644766
11,43,338,KneeLeft,-0.1334937,-0.313911,1.700288
11,43,338,AnkleLeft,-0.1975932,-0.6799899,1.915438
11,43,338,FootLeft,-0.1606722,-0.7472975,1.888088
11,43,338,HipRight,0.02406056,0.05440467,1.719859
11,43,338,KneeRight,0.1000615,-0.294984,1.786445
11,43,338,AnkleRight,0.1398896,-0.6803158,1.896337
11,43,338,FootRight,0.1894531,-0.753418,1.873047
11,43,338,SpineShoulder,-0.06556151,0.562752,1.542964
11,43,338,HandTipLeft,-0.0453743,-0.103088,1.38634
11,43,338,ThumbLeft,-0.1146624,-0.0683577,1.41564
11,43,338,HandTipRight,0.1107098,-0.1565019,1.711852
11,43,338,ThumbRight,0.1177432,-0.0462144,1.711462
11,43,437,SpineBase,0.03554787,0.01617399,1.67967
11,43,438,SpineMid,0.01097125,0.3224101,1.58996
11,43,438,Neck,-0.01277121,0.6136515,1.487763
11,43,438,Head,0.04551212,0.7320572,1.465162
11,43,438,ShoulderLeft,-0.1094111,0.4680012,1.435878
11,43,438,ElbowLeft,-0.1418023,0.1935714,1.461539
11,43,438,WristLeft,-0.05524385,-0.01153465,1.391377
11,43,438,HandLeft,-0.02604522,-0.06326883,1.366263
11,43,438,ShoulderRight,0.09519631,0.5103177,1.611848
11,43,438,ElbowRight,0.09942953,0.1994828,1.62281
11,43,438,WristRight,0.1395955,-0.02186286,1.656298
11,43,438,HandRight,0.1461173,-0.1137973,1.673563
11,43,438,HipLeft,-0.01262598,0.007502596,1.604611
11,43,438,KneeLeft,-0.09330411,-0.3131904,1.649587
11,43,438,AnkleLeft,-0.1895931,-0.6750333,1.910049
11,43,438,FootLeft,-0.1607303,-0.7472072,1.887299
11,43,438,HipRight,0.08206478,0.02412751,1.682423
11,43,438,KneeRight,0.1322827,-0.3275094,1.740364
11,43,438,AnkleRight,0.2018412,-0.7029641,1.836456
11,43,438,FootRight,0.2591667,-0.7485223,1.750344
11,43,438,SpineShoulder,-0.006955313,0.5430504,1.515297
11,43,438,HandTipLeft,0.01328412,-0.1168397,1.352014
11,43,438,ThumbLeft,-0.05887134,-0.08419582,1.383682
11,43,438,HandTipRight,0.164353,-0.185302,1.684669
11,43,438,ThumbRight,0.1722796,-0.07947137,1.672462
11,43,504,SpineBase,0.07400419,0.005887042,1.647989
11,43,504,SpineMid,0.05087703,0.3166475,1.566546
11,43,504,Neck,0.02931958,0.6115435,1.47132
11,43,504,Head,0.08692569,0.7305591,1.453702
11,43,504,ShoulderLeft,-0.0718919,0.4666272,1.425837
11,43,504,ElbowLeft,-0.1209886,0.197203,1.455867
11,43,504,WristLeft,-0.04403057,-0.01496834,1.39321
11,43,504,HandLeft,-0.01034513,-0.07675223,1.372699
11,43,505,ShoulderRight,0.1448251,0.4981276,1.597235
11,43,505,ElbowRight,0.1436215,0.211298,1.58954
11,43,505,WristRight,0.1835078,-0.01057432,1.623137
11,43,505,HandRight,0.1877527,-0.1007306,1.635584
11,43,505,HipLeft,0.02167491,-0.00127463,1.574529
11,43,505,KneeLeft,-0.06100168,-0.3233533,1.627948
11,43,505,AnkleLeft,-0.1783684,-0.6750972,1.898188
11,43,505,FootLeft,-0.1604123,-0.7467772,1.883735
11,43,505,HipRight,0.1221917,0.01294982,1.649788
11,43,505,KneeRight,0.1688682,-0.3256922,1.702231
11,43,505,AnkleRight,0.2038676,-0.705736,1.833188
11,43,505,FootRight,0.245385,-0.7760084,1.794393
11,43,505,SpineShoulder,0.0345285,0.5400912,1.497183
11,43,505,HandTipLeft,0.02665934,-0.1365919,1.357476
11,43,505,ThumbLeft,-0.04660044,-0.09212065,1.397813
11,43,505,HandTipRight,0.211886,-0.1722414,1.648601
11,43,505,ThumbRight,0.2060771,-0.05367265,1.633231
11,43,604,SpineBase,0.1337321,6.978645E-05,1.606732
11,43,605,SpineMid,0.1156251,0.3147118,1.532003
11,43,605,Neck,0.09707399,0.6132591,1.444633
11,43,605,Head,0.156286,0.7274855,1.433668
11,43,605,ShoulderLeft,-0.005013503,0.4674943,1.398938
11,43,605,ElbowLeft,-0.05113838,0.2124354,1.439256
11,43,605,WristLeft,-0.0243702,-0.04453456,1.401764
11,43,605,HandLeft,-0.01417638,-0.09051763,1.403569
11,43,605,ShoulderRight,0.2098814,0.4901437,1.558975
11,43,605,ElbowRight,0.215537,0.1823654,1.578753
11,43,605,WristRight,0.2549534,-0.0398672,1.612404
11,43,605,HandRight,0.2479608,-0.1248035,1.609513
11,43,605,HipLeft,0.07872294,-0.002023145,1.533058
11,43,605,KneeLeft,0.009945209,-0.3220204,1.560792
11,43,605,AnkleLeft,-0.1415972,-0.6583835,1.83691
11,43,605,FootLeft,-0.1362305,-0.7338867,1.833008
11,43,605,HipRight,0.1825712,0.002153091,1.608098
11,43,605,KneeRight,0.2192793,-0.3461776,1.66587
11,43,605,AnkleRight,0.2053625,-0.7032885,1.823895
11,43,605,FootRight,0.2457491,-0.7756721,1.793696
11,43,605,SpineShoulder,0.1017877,0.5409427,1.468442
11,43,605,HandTipLeft,0.0009053042,-0.1595363,1.402122
11,43,605,ThumbLeft,-0.04779467,-0.1012587,1.409308
11,43,605,HandTipRight,0.269056,-0.1999022,1.617749
11,43,605,ThumbRight,0.2673907,-0.10057,1.6141
11,43,666,SpineBase,0.144757,-0.00347523,1.598579
11,43,666,SpineMid,0.1337083,0.3114073,1.521413
11,43,666,Neck,0.1237721,0.610376,1.431201
11,43,667,Head,0.1851124,0.7228856,1.420899
11,43,667,ShoulderLeft,0.01362935,0.4677857,1.389656
11,43,667,ElbowLeft,-0.04498672,0.2108147,1.435164
11,43,667,WristLeft,-0.0288268,-0.036048,1.410488
11,43,667,HandLeft,-0.0177932,-0.08224393,1.427762
11,43,667,ShoulderRight,0.2464955,0.4832825,1.551392
11,43,667,ElbowRight,0.2505279,0.1759056,1.577897
11,43,667,WristRight,0.2747446,-0.130931,1.585542
11,43,667,HandRight,0.2743894,-0.2170664,1.592847
11,43,667,HipLeft,0.08923609,-0.004104238,1.526528
11,43,667,KneeLeft,0.03126487,-0.3221814,1.53669
11,43,667,AnkleLeft,-0.1038667,-0.6783792,1.800745
11,43,667,FootLeft,-0.08599854,-0.7631836,1.767578
11,43,667,HipRight,0.1936804,-0.002891263,1.597989
11,43,667,KneeRight,0.2318628,-0.3546991,1.655248
11,43,667,AnkleRight,0.2077768,-0.7047052,1.819492
11,43,667,FootRight,0.2425911,-0.7739553,1.790806
11,43,667,SpineShoulder,0.1262199,0.5379457,1.455748
11,43,667,HandTipLeft,-0.01763051,-0.1621862,1.431604
11,43,667,ThumbLeft,-0.05359384,-0.07135498,1.419228
11,43,667,HandTipRight,0.292323,-0.2927936,1.599413
11,43,667,ThumbRight,0.3029294,-0.2076308,1.6132
11,43,770,SpineBase,0.1695197,-0.008141907,1.583063
11,43,771,SpineMid,0.1709733,0.3068717,1.497533
11,43,771,Neck,0.1687114,0.6062948,1.40047
11,43,771,Head,0.2359246,0.7131578,1.388076
11,43,771,ShoulderLeft,0.05707117,0.4639211,1.361849
11,43,771,ElbowLeft,-0.02371693,0.1907881,1.424013
11,43,771,WristLeft,-0.0284779,-0.04295816,1.416929
11,43,771,HandLeft,-0.01569093,-0.07984305,1.436957
11,43,771,ShoulderRight,0.2905286,0.4725192,1.525591
11,43,771,ElbowRight,0.3017519,0.2276856,1.644922
11,43,771,WristRight,0.3195519,-0.08159037,1.640226
11,43,771,HandRight,0.338041,-0.119146,1.658496
11,43,771,HipLeft,0.1134611,-0.008255143,1.5134
11,43,771,KneeLeft,0.07402284,-0.3446846,1.51772
11,43,771,AnkleLeft,-0.01146142,-0.7370144,1.734795
11,43,771,FootLeft,0.008561105,-0.7987617,1.675892
11,43,771,HipRight,0.2176365,-0.007710642,1.580234
11,43,771,KneeRight,0.2497207,-0.3451938,1.634464
11,43,771,AnkleRight,0.2106756,-0.7060741,1.819155
11,43,771,FootRight,0.230822,-0.7749197,1.786505
11,43,771,SpineShoulder,0.1703426,0.5337219,1.426169
11,43,771,HandTipLeft,-0.0209993,-0.1524062,1.446783
11,43,771,ThumbLeft,-0.05918089,-0.07536651,1.434667
11,43,771,HandTipRight,0.3317564,-0.2288944,1.621909
11,43,771,ThumbRight,0.3377087,-0.1372779,1.6498
11,43,872,SpineBase,0.1882341,-0.0184387,1.568825
11,43,872,SpineMid,0.1824216,0.3013173,1.485066
11,43,872,Neck,0.1763001,0.603469,1.387649
11,43,872,Head,0.2462946,0.7075952,1.376271
11,43,872,ShoulderLeft,0.07009264,0.4579701,1.343287
11,43,872,ElbowLeft,-0.01845868,0.1869951,1.414704
11,43,872,WristLeft,-0.02595205,-0.04586168,1.41485
11,43,872,HandLeft,-0.01063414,-0.08964763,1.425091
11,43,872,ShoulderRight,0.2973652,0.4684519,1.516614
11,43,872,ElbowRight,0.3143457,0.2147832,1.63205
11,43,872,WristRight,0.3576494,-0.04879288,1.607936
11,43,872,HandRight,0.3515351,-0.09146994,1.610207
11,43,872,HipLeft,0.1345761,-0.02042865,1.497736
11,43,872,KneeLeft,0.07469615,-0.3502366,1.519081
11,43,872,AnkleLeft,0.05959197,-0.7627771,1.673927
11,43,872,FootLeft,0.07971863,-0.8276224,1.629635
11,43,872,HipRight,0.233245,-0.0158031,1.567425
11,43,872,KneeRight,0.2586837,-0.3485939,1.616601
11,43,872,AnkleRight,0.2115248,-0.7080848,1.819793
11,43,872,FootRight,0.2337508,-0.7754013,1.781832
11,43,873,SpineShoulder,0.1781408,0.53045,1.414146
11,43,873,HandTipLeft,-0.01386525,-0.1660777,1.443455
11,43,873,ThumbLeft,-0.05427777,-0.07811897,1.436083
11,43,873,HandTipRight,0.3525615,-0.1508951,1.613695
11,43,873,ThumbRight,0.374465,-0.1060931,1.606818
11,43,967,SpineBase,0.2084951,-0.02976164,1.546588
11,43,967,SpineMid,0.193298,0.2945549,1.465867
11,43,967,Neck,0.1792532,0.6005406,1.37133
11,43,967,Head,0.2515389,0.7039258,1.363468
11,43,967,ShoulderLeft,0.07792072,0.4506252,1.322907
11,43,967,ElbowLeft,0.007314352,0.1747926,1.371276
11,43,967,WristLeft,-0.001880551,-0.05805758,1.376873
11,43,967,HandLeft,0.008973705,-0.09179162,1.391545
11,43,967,ShoulderRight,0.2982999,0.4658369,1.498433
11,43,967,ElbowRight,0.3148069,0.2109872,1.616956
11,43,968,WristRight,0.3676749,-0.05863541,1.583975
11,43,968,HandRight,0.3594521,-0.1023835,1.575988
11,43,968,HipLeft,0.1545555,-0.03301844,1.47593
11,43,968,KneeLeft,0.08057241,-0.3671573,1.518295
11,43,968,AnkleLeft,0.06034362,-0.7611548,1.678101
11,43,968,FootLeft,0.07856156,-0.8249733,1.630179
11,43,968,HipRight,0.2525013,-0.025154,1.544893
11,43,968,KneeRight,0.2913896,-0.3198501,1.594146
11,43,968,AnkleRight,0.2128407,-0.7085835,1.817715
11,43,968,FootRight,0.2360932,-0.7757679,1.779715
11,43,968,SpineShoulder,0.1828219,0.5266473,1.397076
11,43,968,HandTipLeft,0.00578671,-0.1751629,1.407603
11,43,968,ThumbLeft,-0.03524598,-0.09566045,1.407235
11,43,968,HandTipRight,0.3595302,-0.1655298,1.579125
11,43,968,ThumbRight,0.3785746,-0.1189293,1.569125
11,44,038,SpineBase,0.2169622,-0.03464999,1.529413
11,44,038,SpineMid,0.1975256,0.2914048,1.453583
11,44,038,Neck,0.1793189,0.5991789,1.363589
11,44,038,Head,0.251903,0.7011495,1.356396
11,44,041,ShoulderLeft,0.07977869,0.445592,1.31106
11,44,041,ElbowLeft,0.01471216,0.1672024,1.354933
11,44,041,WristLeft,0.01670235,-0.06677294,1.352169
11,44,041,HandLeft,0.03115707,-0.1263006,1.360811
11,44,041,ShoulderRight,0.2955189,0.4663667,1.48526
11,44,041,ElbowRight,0.3118958,0.2107523,1.603584
11,44,041,WristRight,0.3666078,-0.05904628,1.574329
11,44,041,HandRight,0.3609772,-0.1029932,1.556022
11,44,041,HipLeft,0.1637994,-0.03802962,1.457891
11,44,041,KneeLeft,0.08599468,-0.3715657,1.511758
11,44,041,AnkleLeft,0.0610382,-0.7615574,1.680953
11,44,041,FootLeft,0.0781991,-0.8243104,1.630433
11,44,041,HipRight,0.2597504,-0.02967411,1.528392
11,44,041,KneeRight,0.2915368,-0.3167717,1.585736
11,44,041,AnkleRight,0.2121464,-0.7051394,1.808326
11,44,041,FootRight,0.2367984,-0.7760826,1.777876
11,44,041,SpineShoulder,0.1838174,0.5248633,1.38824
11,44,042,HandTipLeft,0.03552446,-0.1837361,1.365799
11,44,042,ThumbLeft,-0.01002075,-0.1329768,1.365523
11,44,042,HandTipRight,0.3657362,-0.1630914,1.562971
11,44,042,ThumbRight,0.3792368,-0.1211043,1.551583
11,44,102,SpineBase,0.2270459,-0.03790366,1.51017
11,44,102,SpineMid,0.2011946,0.289314,1.440188
11,44,102,Neck,0.1776662,0.5981756,1.354978
11,44,103,Head,0.2502174,0.7003526,1.350475
11,44,103,ShoulderLeft,0.08062384,0.4422517,1.299953
11,44,103,ElbowLeft,0.02660925,0.1577748,1.328094
11,44,103,WristLeft,0.05350376,-0.07510308,1.307111
11,44,103,HandLeft,0.06175039,-0.1236649,1.315169
11,44,103,ShoulderRight,0.292392,0.4645461,1.47338
11,44,103,ElbowRight,0.3087252,0.208538,1.591659
11,44,103,WristRight,0.3641073,-0.06140897,1.562429
11,44,103,HandRight,0.3600064,-0.1057673,1.541262
11,44,103,HipLeft,0.172519,-0.04181813,1.437203
11,44,103,KneeLeft,0.09317379,-0.3713506,1.50179
11,44,103,AnkleLeft,0.0615772,-0.7588631,1.689852
11,44,103,FootLeft,0.07691042,-0.8194827,1.632174
11,44,103,HipRight,0.270501,-0.03223202,1.510457
11,44,103,KneeRight,0.2953233,-0.3101141,1.564125
11,44,103,AnkleRight,0.2112575,-0.7065688,1.810603
11,44,103,FootRight,0.2369481,-0.7756993,1.777736
11,44,103,SpineShoulder,0.1833802,0.5235988,1.378552
11,44,103,HandTipLeft,0.07703025,-0.1956715,1.323585
11,44,103,ThumbLeft,0.02290305,-0.1233756,1.319556
11,44,104,HandTipRight,0.3638296,-0.1674777,1.54839
11,44,104,ThumbRight,0.3658304,-0.1637699,1.542667
11,44,202,SpineBase,0.2285947,-0.03766103,1.506944
11,44,202,SpineMid,0.2020334,0.2889885,1.434427
11,44,203,Neck,0.1759422,0.5972759,1.347047
11,44,203,Head,0.2471632,0.7002864,1.344709
11,44,203,ShoulderLeft,0.08275496,0.4378115,1.287982
11,44,203,ElbowLeft,0.04682809,0.1503076,1.295978
11,44,203,WristLeft,0.09741138,-0.07808201,1.262416
11,44,203,HandLeft,0.1215002,-0.1288788,1.27031
11,44,203,ShoulderRight,0.2899091,0.4606197,1.462315
11,44,203,ElbowRight,0.3062216,0.2043999,1.580574
11,44,203,WristRight,0.3619094,-0.06564512,1.551234
11,44,203,HandRight,0.364741,-0.1075658,1.537605
11,44,203,HipLeft,0.1742553,-0.04256897,1.431348
11,44,203,KneeLeft,0.09445132,-0.3738235,1.499334
11,44,203,AnkleLeft,0.06180718,-0.7584111,1.690378
11,44,203,FootLeft,0.07679459,-0.818866,1.634114
11,44,203,HipRight,0.2717722,-0.03140764,1.508892
11,44,203,KneeRight,0.2835325,-0.3086328,1.546798
11,44,203,AnkleRight,0.2125457,-0.7005261,1.807657
11,44,203,FootRight,0.2375463,-0.7752177,1.778064
11,44,203,SpineShoulder,0.1824989,0.5228231,1.371046
11,44,203,HandTipLeft,0.1482196,-0.2003947,1.276916
11,44,203,ThumbLeft,0.0968371,-0.1569548,1.241671
11,44,203,HandTipRight,0.3664632,-0.1705787,1.542861
11,44,203,ThumbRight,0.3848577,-0.1159288,1.537909
11,44,308,SpineBase,0.2301022,-0.03752645,1.508225
11,44,308,SpineMid,0.2024141,0.2886851,1.433613
11,44,308,Neck,0.1742592,0.5957053,1.340573
11,44,309,Head,0.2445454,0.6992057,1.340441
11,44,310,ShoulderLeft,0.08427916,0.4320194,1.279103
11,44,310,ElbowLeft,0.07662913,0.1197801,1.262245
11,44,310,WristLeft,0.1485791,-0.1027088,1.223582
11,44,310,HandLeft,0.1570874,-0.1268725,1.221435
11,44,311,ShoulderRight,0.2889388,0.4584662,1.458703
11,44,311,ElbowRight,0.3052433,0.2021769,1.576938
11,44,311,WristRight,0.3665957,-0.06187318,1.547701
11,44,312,HandRight,0.3690729,-0.1091843,1.539767
11,44,312,HipLeft,0.1765756,-0.04324004,1.432524
11,44,312,KneeLeft,0.09727396,-0.3721659,1.490509
11,44,313,AnkleLeft,0.06122237,-0.7569114,1.68961
11,44,313,FootLeft,0.07596456,-0.8183274,1.638902
11,44,313,HipRight,0.2728525,-0.03040396,1.510664
11,44,313,KneeRight,0.3216128,-0.2959732,1.562932
11,44,313,AnkleRight,0.2222436,-0.7010317,1.802027
11,44,313,FootRight,0.2363201,-0.7764929,1.774591
11,44,313,SpineShoulder,0.1816718,0.5216417,1.366423
11,44,314,HandTipLeft,0.1897796,-0.1916781,1.227566
11,44,314,ThumbLeft,0.1472484,-0.1427361,1.191005
11,44,314,HandTipRight,0.3684154,-0.1713924,1.541138
11,44,314,ThumbRight,0.3892006,-0.1068358,1.5295
11,44,405,SpineBase,0.2307719,-0.03766688,1.510077
11,44,405,SpineMid,0.2024569,0.2883201,1.433064
11,44,405,Neck,0.1730941,0.594587,1.335931
11,44,405,Head,0.2416557,0.6982851,1.336465
11,44,405,ShoulderLeft,0.08543434,0.4289526,1.273759
11,44,405,ElbowLeft,0.07945431,0.1218348,1.260687
11,44,405,WristLeft,0.1589306,-0.09797131,1.216939
11,44,405,HandLeft,0.1792387,-0.1257681,1.203543
11,44,405,ShoulderRight,0.2872804,0.4561616,1.452697
11,44,405,ElbowRight,0.3035841,0.1997993,1.570924
11,44,405,WristRight,0.368361,-0.05689661,1.547051
11,44,405,HandRight,0.3726269,-0.1063589,1.547067
11,44,405,HipLeft,0.1774618,-0.04398494,1.434715
11,44,406,KneeLeft,0.1024732,-0.3623202,1.477636
11,44,406,AnkleLeft,0.05555751,-0.7427111,1.666794
11,44,406,FootLeft,0.07483841,-0.8124549,1.640519
11,44,406,HipRight,0.2732747,-0.02997305,1.512361
11,44,406,KneeRight,0.3221426,-0.2947189,1.563036
11,44,406,AnkleRight,0.2212497,-0.7024047,1.80251
11,44,406,FootRight,0.2342861,-0.7757671,1.771228
11,44,406,SpineShoulder,0.1808581,0.5206553,1.36283
11,44,406,HandTipLeft,0.2185016,-0.1886113,1.213306
11,44,406,ThumbLeft,0.1516224,-0.151633,1.21505
11,44,406,HandTipRight,0.3697652,-0.1705801,1.546142
11,44,406,ThumbRight,0.3938683,-0.1014318,1.535286
11,44,467,SpineBase,0.2310587,-0.03786973,1.512342
11,44,467,SpineMid,0.2024258,0.2879446,1.432642
11,44,467,Neck,0.1724773,0.5936669,1.332381
11,44,468,Head,0.2405427,0.6973292,1.334705
11,44,468,ShoulderLeft,0.08610741,0.4266963,1.271251
11,44,468,ElbowLeft,0.08280312,0.1235212,1.259263
11,44,468,WristLeft,0.1640067,-0.09599368,1.214513
11,44,468,HandLeft,0.1838773,-0.1266597,1.2061
11,44,468,ShoulderRight,0.2869064,0.4548595,1.450258
11,44,468,ElbowRight,0.3032023,0.1984605,1.568465
11,44,468,WristRight,0.3695236,-0.05334473,1.548319
11,44,468,HandRight,0.3711654,-0.1056983,1.54938
11,44,468,HipLeft,0.1779117,-0.0446615,1.437214
11,44,468,KneeLeft,0.1026008,-0.3656256,1.478041
11,44,468,AnkleLeft,0.0555821,-0.7429256,1.667322
11,44,468,FootLeft,0.07485845,-0.8121223,1.641094
11,44,468,HipRight,0.2733186,-0.02967379,1.514445
11,44,468,KneeRight,0.2929823,-0.304581,1.544931
11,44,468,AnkleRight,0.2143965,-0.705397,1.805181
11,44,468,FootRight,0.2313297,-0.7760468,1.769788
11,44,468,SpineShoulder,0.1803598,0.5198155,1.36003
11,44,468,HandTipLeft,0.2208539,-0.1887255,1.213229
11,44,468,ThumbLeft,0.1406904,-0.09798461,1.289333
11,44,468,HandTipRight,0.3684891,-0.1703848,1.549772
11,44,468,ThumbRight,0.3917264,-0.1052953,1.536454
11,44,574,SpineBase,0.2313549,-0.03808796,1.513282
11,44,575,SpineMid,0.2025785,0.2873995,1.432061
11,44,575,Neck,0.1724887,0.5928669,1.330488
11,44,575,Head,0.2394361,0.6958833,1.332583
11,44,575,ShoulderLeft,0.08669579,0.4258803,1.269727
11,44,575,ElbowLeft,0.08422191,0.1230605,1.259501
11,44,575,WristLeft,0.1651306,-0.0975399,1.218501
11,44,576,HandLeft,0.1754353,-0.1311226,1.223906
11,44,576,ShoulderRight,0.286423,0.4537919,1.448741
11,44,576,ElbowRight,0.3027152,0.1973668,1.566926
11,44,576,WristRight,0.3698336,-0.05197052,1.548903
11,44,576,HandRight,0.3671786,-0.1016604,1.553653
11,44,576,HipLeft,0.1780896,-0.04540454,1.438356
11,44,576,KneeLeft,0.1023967,-0.3683438,1.478556
11,44,576,AnkleLeft,0.05552491,-0.7433883,1.668228
11,44,577,FootLeft,0.0742644,-0.8119084,1.642923
11,44,577,HipRight,0.2736737,-0.02944675,1.515248
11,44,577,KneeRight,0.293256,-0.3036578,1.544974
11,44,578,AnkleRight,0.2135996,-0.7061582,1.805977
11,44,578,FootRight,0.2324988,-0.7752515,1.769233
11,44,578,SpineShoulder,0.1803796,0.5190346,1.358324
11,44,579,HandTipLeft,0.2102415,-0.1940149,1.232535
11,44,579,ThumbLeft,0.1405713,-0.1380042,1.237
11,44,579,HandTipRight,0.3686959,-0.1685068,1.558596
11,44,580,ThumbRight,0.3848704,-0.1035341,1.544682
11,44,702,SpineBase,0.2301331,-0.04061745,1.509327
11,44,702,SpineMid,0.2021961,0.2851313,1.427387
11,44,702,Neck,0.1728156,0.5921422,1.328601
11,44,702,Head,0.2395437,0.6943784,1.331257
11,44,703,ShoulderLeft,0.08756597,0.4249686,1.268005
11,44,703,ElbowLeft,0.08092859,0.122334,1.264628
11,44,703,WristLeft,0.1415579,-0.1069955,1.253258
11,44,703,HandLeft,0.143684,-0.1361776,1.27219
11,44,703,ShoulderRight,0.2859983,0.4534548,1.44698
11,44,703,ElbowRight,0.3022877,0.1969982,1.565151
11,44,703,WristRight,0.3218903,-0.1186056,1.506296
11,44,703,HandRight,0.3152679,-0.2085921,1.512688
11,44,703,HipLeft,0.1765358,-0.04774463,1.433589
11,44,703,KneeLeft,0.1020578,-0.3687856,1.479023
11,44,703,AnkleLeft,0.05780804,-0.748259,1.683527
11,44,703,FootLeft,0.0747472,-0.811236,1.645629
11,44,703,HipRight,0.2726418,-0.03187686,1.511875
11,44,703,KneeRight,0.2849213,-0.30621,1.54057
11,44,703,AnkleRight,0.2112885,-0.706582,1.809235
11,44,703,FootRight,0.2313253,-0.7745191,1.772387
11,44,703,SpineShoulder,0.1805546,0.5179858,1.355679
11,44,703,HandTipLeft,0.1728804,-0.2105278,1.291001
11,44,703,ThumbLeft,0.1205584,-0.1663589,1.245322
11,44,703,HandTipRight,0.3329868,-0.2840916,1.524329
11,44,703,ThumbRight,0.3436527,-0.1653402,1.5185
11,44,774,SpineBase,0.2303023,-0.04224354,1.506347
11,44,775,SpineMid,0.202572,0.2837905,1.424445
11,44,775,Neck,0.1732736,0.5915276,1.327054
11,44,775,Head,0.2399741,0.6924956,1.329518
11,44,775,ShoulderLeft,0.08812952,0.4242542,1.267136
11,44,775,ElbowLeft,0.06909962,0.137803,1.276201
11,44,776,WristLeft,0.1223409,-0.09365814,1.265504
11,44,776,HandLeft,0.1238033,-0.1500334,1.281567
11,44,776,ShoulderRight,0.285518,0.4520192,1.44451
11,44,776,ElbowRight,0.3018017,0.195537,1.562661
11,44,776,WristRight,0.3219066,-0.1204925,1.505559
11,44,776,HandRight,0.3152778,-0.2093274,1.512587
11,44,776,HipLeft,0.1766196,-0.04894522,1.430446
11,44,776,KneeLeft,0.1020263,-0.3700274,1.479409
11,44,776,AnkleLeft,0.05867536,-0.7505106,1.686461
11,44,776,FootLeft,0.07470174,-0.8115953,1.644841
11,44,776,HipRight,0.2727896,-0.03376307,1.508966
11,44,776,KneeRight,0.2806475,-0.3110808,1.53892
11,44,776,AnkleRight,0.2101291,-0.7105262,1.812333
11,44,776,FootRight,0.2317823,-0.774323,1.771786
11,44,776,SpineShoulder,0.1809745,0.5171929,1.35369
11,44,776,HandTipLeft,0.1549969,-0.2031401,1.2883
11,44,776,ThumbLeft,0.09192113,-0.1581953,1.273019
11,44,776,HandTipRight,0.3322612,-0.2842309,1.5233
11,44,776,ThumbRight,0.3443594,-0.1640658,1.521603
11,44,834,SpineBase,0.2317704,-0.04194117,1.503041
11,44,834,SpineMid,0.2035411,0.2834998,1.422083
11,44,834,Neck,0.1738318,0.5910126,1.325969
11,44,835,Head,0.2403522,0.6911837,1.328751
11,44,835,ShoulderLeft,0.08856558,0.4238742,1.266361
11,44,835,ElbowLeft,0.06439652,0.1333908,1.281829
11,44,835,WristLeft,0.1043043,-0.1006149,1.281569
11,44,835,HandLeft,0.1021866,-0.1304641,1.297204
11,44,835,ShoulderRight,0.2851185,0.4637516,1.442529
11,44,835,ElbowRight,0.3014162,0.207102,1.560758
11,44,835,WristRight,0.3221549,-0.1095508,1.505805
11,44,835,HandRight,0.3165955,-0.2025564,1.510242
11,44,835,HipLeft,0.1786633,-0.04815074,1.42697
11,44,835,KneeLeft,0.1024977,-0.3702555,1.479237
11,44,835,AnkleLeft,0.05853781,-0.7507693,1.687205
11,44,835,FootLeft,0.07474375,-0.8117378,1.644596
11,44,835,HipRight,0.2736149,-0.03384871,1.505673
11,44,835,KneeRight,0.278206,-0.3138071,1.537252
11,44,835,AnkleRight,0.2093263,-0.7132215,1.813635
11,44,835,FootRight,0.2314161,-0.7743328,1.771331
11,44,835,SpineShoulder,0.1815978,0.5167038,1.352262
11,44,835,HandTipLeft,0.1134414,-0.2006252,1.307818
11,44,835,ThumbLeft,0.06997079,-0.1450869,1.285216
11,44,835,HandTipRight,0.3300266,-0.2794119,1.519906
11,44,835,ThumbRight,0.3451574,-0.1529357,1.525
11,44,938,SpineBase,0.2328169,-0.04310044,1.500222
11,44,939,SpineMid,0.2044485,0.2826711,1.420143
11,44,939,Neck,0.174534,0.5905296,1.32512
11,44,939,Head,0.2406276,0.6902591,1.3284
11,44,939,ShoulderLeft,0.0886686,0.4238237,1.266293
11,44,939,ElbowLeft,0.05392817,0.1437799,1.291114
11,44,939,WristLeft,0.08551303,-0.09135715,1.295843
11,44,939,HandLeft,0.08677302,-0.1223325,1.316217
11,44,939,ShoulderRight,0.2840332,0.4586197,1.437307
11,44,939,ElbowRight,0.300323,0.2019706,1.5555
11,44,939,WristRight,0.3265612,-0.1153291,1.508392
11,44,939,HandRight,0.3201592,-0.2146823,1.513817
11,44,939,HipLeft,0.179255,-0.04855128,1.425024
11,44,939,KneeLeft,0.1032956,-0.3704198,1.478754
11,44,939,AnkleLeft,0.05852657,-0.7527192,1.683653
11,44,940,FootLeft,0.07812356,-0.8121778,1.648658
11,44,940,HipRight,0.2750773,-0.03590885,1.501764
11,44,941,KneeRight,0.2833923,-0.3128409,1.539398
11,44,941,AnkleRight,0.2091683,-0.7142353,1.814438
11,44,941,FootRight,0.2337731,-0.7756515,1.764765
11,44,941,SpineShoulder,0.1823357,0.5161436,1.351126
11,44,942,HandTipLeft,0.09357651,-0.1988711,1.326725
11,44,942,ThumbLeft,0.05017227,-0.1316998,1.302219
11,44,942,HandTipRight,0.3367721,-0.2933325,1.524461
11,44,943,ThumbRight,0.3505247,-0.1618031,1.5305
11,45,035,SpineBase,0.2335437,-0.04384951,1.498064
11,45,036,SpineMid,0.205145,0.2821189,1.4187
11,45,036,Neck,0.1751497,0.5901726,1.324494
11,45,036,Head,0.2414374,0.6885859,1.327486
11,45,036,ShoulderLeft,0.08872002,0.4238367,1.266309
11,45,036,ElbowLeft,0.05055888,0.1459795,1.294133
11,45,036,WristLeft,0.0806376,-0.08931699,1.300323
11,45,036,HandLeft,0.08121955,-0.1197509,1.322588
11,45,036,ShoulderRight,0.2852544,0.4554214,1.436156
11,45,036,ElbowRight,0.3015186,0.1987865,1.554317
11,45,036,WristRight,0.327424,-0.1187019,1.508059
11,45,036,HandRight,0.3220044,-0.220062,1.514277
11,45,036,HipLeft,0.1796522,-0.04882533,1.423391
11,45,036,KneeLeft,0.1038857,-0.3707689,1.478864
11,45,036,AnkleLeft,0.05891914,-0.7533944,1.685021
11,45,036,FootLeft,0.0780884,-0.8122939,1.644759
11,45,036,HipRight,0.2760585,-0.03710645,1.499045
11,45,036,KneeRight,0.2690285,-0.3374921,1.532224
11,45,037,AnkleRight,0.2090728,-0.7152983,1.816336
11,45,037,FootRight,0.233978,-0.7749204,1.76513
11,45,037,SpineShoulder,0.1829613,0.5157439,1.350286
11,45,037,HandTipLeft,0.08874002,-0.196679,1.333027
11,45,037,ThumbLeft,0.04373175,-0.1286548,1.308769
11,45,037,HandTipRight,0.3388003,-0.3000472,1.524317
11,45,037,ThumbRight,0.3529877,-0.1655535,1.5304
11,45,148,SpineBase,0.2348362,-0.04422981,1.497664
11,45,148,SpineMid,0.2060386,0.2818716,1.418253
11,45,148,Neck,0.1757296,0.5900362,1.324167
11,45,149,Head,0.241421,0.6883196,1.327763
11,45,149,ShoulderLeft,0.08888598,0.4239573,1.266582
11,45,149,ElbowLeft,0.04899406,0.1475153,1.296561
11,45,149,WristLeft,0.0796388,-0.08787451,1.301297
11,45,149,HandLeft,0.08470441,-0.1230782,1.318795
11,45,149,ShoulderRight,0.2858101,0.454277,1.435268
11,45,149,ElbowRight,0.3020607,0.1976371,1.553412
11,45,149,WristRight,0.3902051,-0.1094419,1.557386
11,45,149,HandRight,0.3760799,-0.1371543,1.556886
11,45,149,HipLeft,0.1804337,-0.04875834,1.423195
11,45,149,KneeLeft,0.1043843,-0.3708377,1.478958
11,45,149,AnkleLeft,0.05926834,-0.7555029,1.6862
11,45,149,FootLeft,0.07786238,-0.8137891,1.642748
11,45,149,HipRight,0.2778821,-0.03807112,1.49834
11,45,149,KneeRight,0.2751106,-0.3264262,1.534077
11,45,150,AnkleRight,0.2085831,-0.7145893,1.815309
11,45,150,FootRight,0.2335392,-0.7743044,1.765745
11,45,150,SpineShoulder,0.1836006,0.5155855,1.349902
11,45,150,HandTipLeft,0.0954616,-0.199307,1.331986
11,45,150,ThumbLeft,0.04389444,-0.1210713,1.324333
11,45,150,HandTipRight,0.3712489,-0.1740613,1.556665
11,45,150,ThumbRight,0.388086,-0.1380555,1.54465
11,45,234,SpineBase,0.2359883,-0.04454704,1.497077
11,45,234,SpineMid,0.2068856,0.2815478,1.417755
11,45,234,Neck,0.1763218,0.5897284,1.323872
11,45,234,Head,0.2418666,0.6874521,1.327837
11,45,234,ShoulderLeft,0.08901127,0.4239095,1.266927
11,45,234,ElbowLeft,0.04895926,0.1495588,1.298182
11,45,234,WristLeft,0.08132573,-0.08578146,1.300781
11,45,234,HandLeft,0.09591287,-0.125217,1.309852
11,45,235,ShoulderRight,0.2863733,0.4520439,1.43358
11,45,235,ElbowRight,0.3026071,0.195405,1.551701
11,45,235,WristRight,0.3908413,-0.1102717,1.556416
11,45,235,HandRight,0.3794446,-0.1387159,1.554304
11,45,235,HipLeft,0.1810892,-0.04883169,1.422873
11,45,235,KneeLeft,0.1055748,-0.3706183,1.478611
11,45,235,AnkleLeft,0.05953362,-0.754953,1.686759
11,45,235,FootLeft,0.07737719,-0.8130527,1.64295
11,45,235,HipRight,0.2794443,-0.03859136,1.497449
11,45,235,KneeRight,0.3039243,-0.3071178,1.548142
11,45,235,AnkleRight,0.2086184,-0.7146289,1.815375
11,45,235,FootRight,0.2338085,-0.7738718,1.765733
11,45,235,SpineShoulder,0.1842392,0.5152751,1.349536
11,45,235,HandTipLeft,0.1064392,-0.1993056,1.321017
11,45,235,ThumbLeft,0.0583785,-0.1033355,1.3244
11,45,235,HandTipRight,0.3745991,-0.1751853,1.552917
11,45,235,ThumbRight,0.3924623,-0.1377542,1.543573
11,45,305,SpineBase,0.2364276,-0.04453968,1.4972
11,45,305,SpineMid,0.2072625,0.2814831,1.417784
11,45,305,Neck,0.1766898,0.5895797,1.323869
11,45,306,Head,0.2427952,0.6862288,1.32817
11,45,306,ShoulderLeft,0.08928256,0.4237957,1.267424
11,45,306,ElbowLeft,0.04998009,0.150206,1.298776
11,45,306,WristLeft,0.0893533,-0.08420493,1.298918
11,45,317,HandLeft,0.1085295,-0.128031,1.304829
11,45,317,ShoulderRight,0.2867823,0.4514179,1.433421
11,45,317,ElbowRight,0.3030069,0.1947753,1.551525
11,45,317,WristRight,0.3909,-0.109085,1.555183
11,45,317,HandRight,0.3800619,-0.1394095,1.554438
11,45,317,HipLeft,0.181391,-0.04877329,1.422985
11,45,317,KneeLeft,0.1063792,-0.3706291,1.478633
11,45,317,AnkleLeft,0.06027518,-0.755478,1.687887
11,45,317,FootLeft,0.0774533,-0.8132465,1.642754
11,45,317,HipRight,0.2799579,-0.03860132,1.497541
11,45,317,KneeRight,0.3044775,-0.3063178,1.54838
11,45,317,AnkleRight,0.2083506,-0.71424,1.815375
11,45,317,FootRight,0.2371558,-0.7747744,1.762746
11,45,317,SpineShoulder,0.1845956,0.5151529,1.349528
11,45,317,HandTipLeft,0.1227383,-0.1985922,1.315052
11,45,317,ThumbLeft,0.07242415,-0.1124965,1.3082
11,45,317,HandTipRight,0.3729748,-0.1777351,1.551067
11,45,317,ThumbRight,0.3962558,-0.1422896,1.544309
