21,58,428,SpineBase,-0.7852736,0.2721788,2.563304
21,58,435,SpineMid,-0.7943749,0.5418722,2.4561
21,58,435,Neck,-0.7992972,0.8027897,2.339017
21,58,436,Head,-0.77101,0.9396604,2.318881
21,58,436,ShoulderLeft,-0.8351454,0.6822596,2.328646
21,58,436,ElbowLeft,-0.8633814,0.4131366,2.357105
21,58,436,WristLeft,-0.8429728,0.1192282,2.327413
21,58,436,HandLeft,-0.8365344,0.08782952,2.301374
21,58,436,ShoulderRight,-0.7049981,0.7244017,2.497594
21,58,436,ElbowRight,-0.860078,0.6032423,2.278366
21,58,437,WristRight,-0.8678309,0.3004412,2.372658
21,58,437,HandRight,-0.8526744,0.2325374,2.404024
21,58,437,HipLeft,-0.8049879,0.2590378,2.50015
21,58,437,KneeLeft,-0.870823,0.003929161,2.549912
21,58,437,AnkleLeft,-0.9322888,-0.2920535,2.627052
21,58,437,FootLeft,-0.8995938,-0.1972708,2.568807
21,58,437,HipRight,-0.7456276,0.2784012,2.561332
21,58,437,KneeRight,-0.6881384,-0.06566112,2.599634
21,58,437,AnkleRight,-0.5906975,-0.4157126,2.641579
21,58,437,FootRight,-0.5438092,-0.4958851,2.583147
21,58,437,SpineShoulder,-0.7988028,0.7389044,2.370131
21,58,437,HandTipLeft,-0.8359628,0.0603389,2.299763
21,58,437,ThumbLeft,-0.828983,0.08703668,2.2806
21,58,437,HandTipRight,-0.8514812,0.1593205,2.418187
21,58,437,ThumbRight,-0.8156565,0.2299936,2.411077
21,58,536,SpineBase,-0.7294416,0.2451287,2.509709
21,58,536,SpineMid,-0.7253827,0.525228,2.406543
21,58,536,Neck,-0.717608,0.7960105,2.293149
21,58,537,Head,-0.6822212,0.9311122,2.288676
21,58,537,ShoulderLeft,-0.7981119,0.6650102,2.245282
21,58,537,ElbowLeft,-0.8311584,0.3918177,2.304868
21,58,537,WristLeft,-0.8232822,0.1496199,2.337698
21,58,537,HandLeft,-0.7958769,0.08493018,2.236293
21,58,537,ShoulderRight,-0.6262593,0.7213432,2.47019
21,58,537,ElbowRight,-0.7824185,0.5882995,2.214541
21,58,537,WristRight,-0.7941914,0.2736853,2.312603
21,58,537,HandRight,-0.8041192,0.2106546,2.352868
21,58,537,HipLeft,-0.7494263,0.232142,2.438118
21,58,537,KneeLeft,-0.8268238,0.0009087857,2.491237
21,58,537,AnkleLeft,-0.8743539,-0.2434948,2.575588
21,58,537,FootLeft,-0.8476563,-0.1727295,2.509766
21,58,537,HipRight,-0.6902052,0.2516309,2.514956
21,58,538,KneeRight,-0.6062101,-0.08795015,2.528194
21,58,538,AnkleRight,-0.5752774,-0.4232681,2.633603
21,58,538,FootRight,-0.5454291,-0.5078249,2.587052
21,58,538,SpineShoulder,-0.7202111,0.7297346,2.323387
21,58,538,HandTipLeft,-0.796162,0.04860053,2.219941
21,58,538,ThumbLeft,-0.7901573,0.1198649,2.215
21,58,538,HandTipRight,-0.8121592,0.1334207,2.388796
21,58,538,ThumbRight,-0.7492367,0.2039319,2.3635
21,58,568,SpineBase,-0.6865183,0.2047387,2.478638
21,58,568,SpineMid,-0.6741381,0.5020197,2.375341
21,58,568,Neck,-0.6583107,0.7892731,2.26135
21,58,568,Head,-0.6193601,0.9263607,2.260014
21,58,568,ShoulderLeft,-0.7569483,0.6516641,2.205479
21,58,568,ElbowLeft,-0.8168103,0.4193025,2.248829
21,58,568,WristLeft,-0.795293,0.1735543,2.224651
21,58,568,HandLeft,-0.7845696,0.1070166,2.20881
21,58,569,ShoulderRight,-0.5661295,0.6747705,2.41203
21,58,569,ElbowRight,-0.5783929,0.4423296,2.533252
21,58,569,WristRight,-0.5494206,0.2171376,2.589955
21,58,569,HandRight,-0.540611,0.1427355,2.612556
21,58,569,HipLeft,-0.7163082,0.1970955,2.40408
21,58,569,KneeLeft,-0.7959082,-0.04520793,2.463786
21,58,569,AnkleLeft,-0.9244763,-0.2368803,2.566678
21,58,569,FootLeft,-0.8293296,-0.200428,2.484054
21,58,569,HipRight,-0.6378844,0.2067491,2.485018
21,58,569,KneeRight,-0.5658644,-0.09888954,2.49219
21,58,569,AnkleRight,-0.5562868,-0.4285539,2.602336
21,58,569,FootRight,-0.4903621,-0.4764909,2.527602
21,58,569,SpineShoulder,-0.662879,0.7189795,2.291795
21,58,569,HandTipLeft,-0.7828216,0.04576191,2.199944
21,58,570,ThumbLeft,-0.7802621,0.1260023,2.163926
21,58,570,HandTipRight,-0.5497947,0.06581495,2.64791
21,58,570,ThumbRight,-0.488314,0.1366805,2.621911
21,58,686,SpineBase,-0.6206708,0.1878312,2.428265
21,58,686,SpineMid,-0.6055751,0.4914421,2.330308
21,58,686,Neck,-0.5873595,0.7844802,2.22136
21,58,686,Head,-0.5410879,0.9170245,2.217016
21,58,686,ShoulderLeft,-0.6991315,0.6531886,2.167308
21,58,687,ElbowLeft,-0.7926817,0.3954626,2.222091
21,58,687,WristLeft,-0.7786954,0.1712451,2.209112
21,58,687,HandLeft,-0.7695167,0.1002494,2.192846
21,58,687,ShoulderRight,-0.4855342,0.6618427,2.370065
21,58,687,ElbowRight,-0.488353,0.3861631,2.486684
21,58,687,WristRight,-0.4570292,0.169847,2.525904
21,58,687,HandRight,-0.4584613,0.1477015,2.494563
21,58,687,HipLeft,-0.655493,0.1832804,2.353965
21,58,687,KneeLeft,-0.7304739,-0.1069836,2.38648
21,58,687,AnkleLeft,-0.8720787,-0.3042135,2.562318
21,58,687,FootLeft,-0.8106966,-0.2636179,2.4431
21,58,687,HipRight,-0.56811,0.1870017,2.432997
21,58,687,KneeRight,-0.5183919,-0.1324586,2.467585
21,58,687,AnkleRight,-0.5528215,-0.4566334,2.611843
21,58,687,FootRight,-0.53815,-0.5390809,2.580951
21,58,687,SpineShoulder,-0.5924668,0.7128126,2.250582
21,58,687,HandTipLeft,-0.7672513,0.03553854,2.197249
21,58,687,ThumbLeft,-0.778426,0.1005194,2.156333
21,58,688,HandTipRight,-0.448186,0.1031677,2.494945
21,58,688,ThumbRight,-0.4473714,0.1166157,2.4905
21,58,742,SpineBase,-0.5796827,0.1940414,2.394291
21,58,743,SpineMid,-0.5674785,0.496598,2.299177
21,58,743,Neck,-0.5545713,0.7880828,2.19489
21,58,743,Head,-0.5020118,0.9208454,2.181569
21,58,743,ShoulderLeft,-0.6748813,0.6604059,2.145291
21,58,743,ElbowLeft,-0.7822458,0.3956519,2.214322
21,58,743,WristLeft,-0.7703307,0.1659293,2.20179
21,58,743,HandLeft,-0.7581279,0.1147257,2.193047
21,58,743,ShoulderRight,-0.4448889,0.6637153,2.327495
21,58,743,ElbowRight,-0.4425173,0.3937339,2.436693
21,58,743,WristRight,-0.4025351,0.1711574,2.466858
21,58,743,HandRight,-0.407113,0.1026915,2.457209
21,58,743,HipLeft,-0.6194229,0.1906392,2.322021
21,58,744,KneeLeft,-0.6792538,-0.1143502,2.316634
21,58,744,AnkleLeft,-0.8244236,-0.3684505,2.560588
21,58,744,FootLeft,-0.7597466,-0.4234913,2.472108
21,58,744,HipRight,-0.5234694,0.1916508,2.396739
21,58,744,KneeRight,-0.4988686,-0.127619,2.460335
21,58,744,AnkleRight,-0.5532992,-0.4681529,2.617368
21,58,744,FootRight,-0.5388361,-0.5447175,2.582211
21,58,744,SpineShoulder,-0.5583726,0.71682,2.222996
21,58,744,HandTipLeft,-0.7578853,0.04728193,2.193891
21,58,744,ThumbLeft,-0.7705786,0.1248685,2.151962
21,58,744,HandTipRight,-0.4047974,0.03951453,2.46988
21,58,745,ThumbRight,-0.3883067,0.1193982,2.459429
21,58,835,SpineBase,-0.5465436,0.1991667,2.359597
21,58,835,SpineMid,-0.5390182,0.5004464,2.268604
21,58,835,Neck,-0.5267122,0.7909665,2.164581
21,58,836,Head,-0.4687162,0.9218043,2.141824
21,58,836,ShoulderLeft,-0.6421229,0.6622022,2.112621
21,58,836,ElbowLeft,-0.738501,0.4064551,2.193422
21,58,836,WristLeft,-0.7618967,0.1759881,2.188204
21,58,836,HandLeft,-0.7539142,0.1239382,2.187854
21,58,836,ShoulderRight,-0.4051534,0.6645215,2.290627
21,58,836,ElbowRight,-0.3973368,0.4040251,2.391948
21,58,836,WristRight,-0.3535376,0.1781959,2.41231
21,58,836,HandRight,-0.3534736,0.1033507,2.416312
21,58,836,HipLeft,-0.5896773,0.1954519,2.288826
21,58,836,KneeLeft,-0.6278981,-0.1360446,2.254453
21,58,836,AnkleLeft,-0.7416573,-0.4455759,2.479586
21,58,836,FootLeft,-0.677533,-0.5014506,2.387525
21,58,837,HipRight,-0.4874129,0.1968513,2.36013
21,58,837,KneeRight,-0.4791278,-0.124868,2.451468
21,58,837,AnkleRight,-0.5511032,-0.464594,2.616566
21,58,837,FootRight,-0.5404944,-0.5442423,2.583147
21,58,837,SpineShoulder,-0.5302815,0.7199931,2.192551
21,58,837,HandTipLeft,-0.7558696,0.05753898,2.19252
21,58,837,ThumbLeft,-0.7847262,0.1305628,2.169323
21,58,837,HandTipRight,-0.3573096,0.04228504,2.434763
21,58,837,ThumbRight,-0.3323718,0.09300461,2.40775
21,58,932,SpineBase,-0.5083379,0.1814296,2.299826
21,58,932,SpineMid,-0.4959908,0.4815246,2.208029
21,58,933,Neck,-0.4809014,0.7703445,2.10504
21,58,933,Head,-0.4266226,0.9004623,2.080635
21,58,933,ShoulderLeft,-0.6012083,0.6422225,2.062715
21,58,933,ElbowLeft,-0.7183803,0.3907757,2.172936
21,58,933,WristLeft,-0.7528812,0.1598944,2.176692
21,58,933,HandLeft,-0.744449,0.1120677,2.176721
21,58,933,ShoulderRight,-0.3552086,0.6489676,2.236165
21,58,933,ElbowRight,-0.3382706,0.3908078,2.339395
21,58,934,WristRight,-0.2802596,0.1640894,2.346043
21,58,934,HandRight,-0.2741989,0.09098813,2.341463
21,58,934,HipLeft,-0.5528243,0.1771053,2.229666
21,58,934,KneeLeft,-0.5611176,-0.1660908,2.174642
21,58,934,AnkleLeft,-0.5871445,-0.5385874,2.312903
21,58,934,FootLeft,-0.5634766,-0.6264648,2.275391
21,58,934,HipRight,-0.4482032,0.1801535,2.298983
21,58,934,KneeRight,-0.4474654,-0.1381905,2.427785
21,58,934,AnkleRight,-0.5507722,-0.4642523,2.616127
21,58,934,FootRight,-0.5405883,-0.5421908,2.582864
21,58,934,SpineShoulder,-0.4851567,0.6998249,2.132794
21,58,934,HandTipLeft,-0.7347736,0.04146791,2.190327
21,58,934,ThumbLeft,-0.7697085,0.1240756,2.167072
21,58,934,HandTipRight,-0.27692,0.02924414,2.352903
21,58,934,ThumbRight,-0.2523192,0.09138461,2.317174
21,59,017,SpineBase,-0.4627349,0.1835584,2.231864
21,59,017,SpineMid,-0.4518488,0.4625995,2.14172
21,59,017,Neck,-0.4383875,0.730813,2.040458
21,59,018,Head,-0.3847396,0.8620018,2.013393
21,59,018,ShoulderLeft,-0.5585802,0.6041275,2.00208
21,59,018,ElbowLeft,-0.6731458,0.3437657,2.121128
21,59,018,WristLeft,-0.7173944,0.1148903,2.145137
21,59,018,HandLeft,-0.7146827,0.0790614,2.157597
21,59,018,ShoulderRight,-0.3164467,0.6108971,2.167635
21,59,019,ElbowRight,-0.2865798,0.3602081,2.276773
21,59,019,WristRight,-0.2160307,0.1344169,2.276891
21,59,019,HandRight,-0.2081427,0.05794222,2.266355
21,59,019,HipLeft,-0.5088893,0.1790735,2.16188
21,59,019,KneeLeft,-0.5075498,-0.2005117,2.127342
21,59,020,AnkleLeft,-0.4419615,-0.6061471,2.130939
21,59,020,FootLeft,-0.3872234,-0.6874689,2.048845
21,59,020,HipRight,-0.4019789,0.1822322,2.231178
21,59,020,KneeRight,-0.4064147,-0.1347245,2.356807
21,59,021,AnkleRight,-0.5064882,-0.4460536,2.567329
21,59,021,FootRight,-0.499259,-0.5240923,2.535191
21,59,021,SpineShoulder,-0.4422087,0.6653856,2.06778
21,59,021,HandTipLeft,-0.7111696,0.010866,2.174988
21,59,021,ThumbLeft,-0.7415562,0.09152188,2.152
21,59,021,HandTipRight,-0.2063373,-0.007081715,2.276578
21,59,021,ThumbRight,-0.1863764,0.02251479,2.249091
21,59,106,SpineBase,-0.4410587,0.1491512,2.183848
21,59,106,SpineMid,-0.4295798,0.4349767,2.092334
21,59,106,Neck,-0.4155821,0.7097018,1.989574
21,59,107,Head,-0.3637145,0.84425,1.962283
21,59,107,ShoulderLeft,-0.5353774,0.5834562,1.952199
21,59,107,ElbowLeft,-0.6342251,0.3267897,2.066442
21,59,108,WristLeft,-0.6875823,0.101716,2.105136
21,59,108,HandLeft,-0.6841868,0.0605853,2.122973
21,59,108,ShoulderRight,-0.2901101,0.5932251,2.114803
21,59,108,ElbowRight,-0.2613885,0.3429794,2.220066
21,59,108,WristRight,-0.1882915,0.1168888,2.220134
21,59,108,HandRight,-0.17623,0.03805424,2.214416
21,59,108,HipLeft,-0.4881988,0.1444812,2.114889
21,59,109,KneeLeft,-0.4731974,-0.1346643,2.072883
21,59,109,AnkleLeft,-0.4072537,-0.5657047,2.0983
21,59,109,FootLeft,-0.3544901,-0.6531934,2.02384
21,59,109,HipRight,-0.3797159,0.1490011,2.18223
21,59,109,KneeRight,-0.3780594,-0.1401946,2.328844
21,59,109,AnkleRight,-0.4876266,-0.4655895,2.581165
21,59,109,FootRight,-0.4887695,-0.5654297,2.568359
21,59,109,SpineShoulder,-0.4195234,0.642684,2.017271
21,59,109,HandTipLeft,-0.6826916,-0.006415186,2.146805
21,59,109,ThumbLeft,-0.7083029,0.07027949,2.112437
21,59,110,HandTipRight,-0.1745887,-0.02841597,2.225479
21,59,110,ThumbRight,-0.1509253,0.02929419,2.189353
21,59,179,SpineBase,-0.3961186,0.1364122,2.130373
21,59,179,SpineMid,-0.3956779,0.4252779,2.037195
21,59,179,Neck,-0.3925326,0.702691,1.932777
21,59,180,Head,-0.3427141,0.8359132,1.904253
21,59,180,ShoulderLeft,-0.5094664,0.570863,1.894523
21,59,180,ElbowLeft,-0.5987933,0.3058513,2.007894
21,59,180,WristLeft,-0.647989,0.07977752,2.051635
21,59,180,HandLeft,-0.6483747,0.03481473,2.071171
21,59,180,ShoulderRight,-0.2617689,0.5871031,2.056112
21,59,180,ElbowRight,-0.2375587,0.3324581,2.159489
21,59,180,WristRight,-0.1705872,0.1052471,2.179621
21,59,180,HandRight,-0.1569121,0.02886252,2.165923
21,59,181,HipLeft,-0.4454727,0.1321242,2.062841
21,59,181,KneeLeft,-0.4218843,-0.1980783,2.017251
21,59,181,AnkleLeft,-0.3899646,-0.6177306,2.088279
21,59,181,FootLeft,-0.3370216,-0.7025362,2.018382
21,59,181,HipRight,-0.3336745,0.1361743,2.127223
21,59,181,KneeRight,-0.3341789,-0.1366869,2.274709
21,59,181,AnkleRight,-0.4106119,-0.4095035,2.406105
21,59,181,FootRight,-0.3900381,-0.4845275,2.290177
21,59,181,SpineShoulder,-0.3937797,0.6350493,1.960872
21,59,181,HandTipLeft,-0.6499027,-0.03049177,2.101474
21,59,182,ThumbLeft,-0.6776836,0.0521653,2.066636
21,59,182,HandTipRight,-0.1586518,-0.03551802,2.175035
21,59,182,ThumbRight,-0.1361258,-0.01206674,2.150714
21,59,256,SpineBase,-0.3430486,0.1214384,2.042449
21,59,256,SpineMid,-0.3526303,0.4132611,1.948239
21,59,256,Neck,-0.3593477,0.6930457,1.842757
21,59,257,Head,-0.3124214,0.823997,1.815376
21,59,257,ShoulderLeft,-0.4727614,0.5535625,1.801713
21,59,257,ElbowLeft,-0.5313403,0.2932561,1.894733
21,59,257,WristLeft,-0.5948312,0.06941832,1.932032
21,59,257,HandLeft,-0.5722747,0.00617961,1.943797
21,59,257,ShoulderRight,-0.2222184,0.5827283,1.967147
21,59,257,ElbowRight,-0.2057959,0.34109,2.08328
21,59,257,WristRight,-0.1564113,0.10901,2.099922
21,59,258,HandRight,-0.1444652,0.03400835,2.097266
21,59,258,HipLeft,-0.3916194,0.113856,1.974528
21,59,258,KneeLeft,-0.3757886,-0.2541511,1.933198
21,59,258,AnkleLeft,-0.3796381,-0.619674,2.07727
21,59,259,FootLeft,-0.3391693,-0.7018726,2.02439
21,59,259,HipRight,-0.2826347,0.1248033,2.039498
21,59,259,KneeRight,-0.2642897,-0.1806853,2.126297
21,59,259,AnkleRight,-0.3600341,-0.478646,2.41539
21,59,259,FootRight,-0.3853012,-0.5618737,2.312577
21,59,259,SpineShoulder,-0.3581423,0.6248916,1.871098
21,59,260,HandTipLeft,-0.5799035,-0.05612174,1.964944
21,59,260,ThumbLeft,-0.5993503,0.0224111,1.935444
21,59,260,HandTipRight,-0.1465898,-0.02738757,2.101907
21,59,260,ThumbRight,-0.1207631,0.03991648,2.067682
21,59,367,SpineBase,-0.288326,0.1033142,1.962063
21,59,367,SpineMid,-0.304345,0.4030273,1.869991
21,59,368,Neck,-0.3175021,0.6898934,1.76653
21,59,368,Head,-0.2658967,0.8194382,1.741403
21,59,368,ShoulderLeft,-0.4259282,0.5452887,1.71879
21,59,368,ElbowLeft,-0.4809011,0.272917,1.798217
21,59,368,WristLeft,-0.4882431,0.03456928,1.789237
21,59,368,HandLeft,-0.4740736,-0.003503207,1.798363
21,59,368,ShoulderRight,-0.1894538,0.5812758,1.897798
21,59,368,ElbowRight,-0.17029,0.3457969,2.003237
21,59,368,WristRight,-0.1315834,0.1145797,2.036603
21,59,369,HandRight,-0.1209339,0.04156797,2.023644
21,59,369,HipLeft,-0.332906,0.09283368,1.892305
21,59,369,KneeLeft,-0.3598972,-0.2579073,1.898025
21,59,369,AnkleLeft,-0.3711474,-0.6280972,2.071694
21,59,369,FootLeft,-0.3383229,-0.7017764,2.024796
21,59,369,HipRight,-0.2333522,0.1100363,1.960611
21,59,369,KneeRight,-0.2018555,-0.2268376,2.035542
21,59,369,AnkleRight,-0.3295985,-0.5017933,2.342484
21,59,370,FootRight,-0.3146973,-0.5917969,2.357422
21,59,370,SpineShoulder,-0.3146741,0.6200746,1.79435
21,59,371,HandTipLeft,-0.4728826,-0.08771633,1.809623
21,59,371,ThumbLeft,-0.5167011,-0.001684599,1.795667
21,59,371,HandTipRight,-0.1132249,-0.02177795,2.023649
21,59,371,ThumbRight,-0.1037372,0.02230858,2.021048
21,59,475,SpineBase,-0.2349161,0.09345485,1.890745
21,59,475,SpineMid,-0.2554668,0.3973536,1.802154
21,59,475,Neck,-0.2732598,0.6876871,1.702076
21,59,475,Head,-0.2137207,0.8123332,1.683302
21,59,476,ShoulderLeft,-0.3774229,0.5404695,1.64959
21,59,476,ElbowLeft,-0.4299038,0.2996375,1.6967
21,59,477,WristLeft,-0.3952544,0.056213,1.671107
21,59,477,HandLeft,-0.3759105,-0.01202668,1.66823
21,59,477,ShoulderRight,-0.1541208,0.5763214,1.833385
21,59,477,ElbowRight,-0.1342359,0.3135073,1.841233
21,59,477,WristRight,-0.09589349,0.08368376,1.874251
21,59,477,HandRight,-0.0974105,-0.001803887,1.872653
21,59,477,HipLeft,-0.28065,0.08065774,1.820478
21,59,477,KneeLeft,-0.3422035,-0.2777292,1.883038
21,59,477,AnkleLeft,-0.3656617,-0.6309573,2.070549
21,59,478,FootLeft,-0.3376243,-0.702423,2.025898
21,59,478,HipRight,-0.1803711,0.1027007,1.889443
21,59,478,KneeRight,-0.1376963,-0.2341212,1.939004
21,59,478,AnkleRight,-0.1941603,-0.5747939,2.19602
21,59,478,FootRight,-0.1668701,-0.6479492,2.171875
21,59,478,SpineShoulder,-0.2692465,0.6170921,1.729037
21,59,479,HandTipLeft,-0.3551809,-0.08517212,1.66493
21,59,479,ThumbLeft,-0.4144921,-0.0293014,1.669333
21,59,479,HandTipRight,-0.0713756,-0.07941897,1.869871
21,59,479,ThumbRight,-0.07610294,0.02829212,1.88275
21,59,514,SpineBase,-0.1965727,0.07954599,1.855668
21,59,514,SpineMid,-0.2180854,0.3852857,1.766723
21,59,514,Neck,-0.2370262,0.6771457,1.666122
21,59,514,Head,-0.1777482,0.8023766,1.653965
21,59,515,ShoulderLeft,-0.3417332,0.5293465,1.612719
21,59,515,ElbowLeft,-0.3908641,0.2901568,1.640233
21,59,515,WristLeft,-0.3304045,0.03687329,1.60001
21,59,515,HandLeft,-0.3064988,-0.01566236,1.593604
21,59,515,ShoulderRight,-0.1231481,0.5621732,1.792524
21,59,515,ElbowRight,-0.1059388,0.3242019,1.793184
21,59,515,WristRight,-0.06707058,0.09729695,1.827156
21,59,515,HandRight,-0.06720243,0.004897633,1.830632
21,59,515,HipLeft,-0.2438751,0.06609228,1.786636
21,59,515,KneeLeft,-0.3268125,-0.2749919,1.863514
21,59,515,AnkleLeft,-0.3632176,-0.6306558,2.067905
21,59,515,FootLeft,-0.3374141,-0.7019099,2.029413
21,59,516,HipRight,-0.1417402,0.0899028,1.852829
21,59,516,KneeRight,-0.08065633,-0.240655,1.894204
21,59,516,AnkleRight,-0.07699876,-0.6229392,2.070839
21,59,516,FootRight,-0.04074097,-0.7011719,2.044922
21,59,516,SpineShoulder,-0.2326923,0.6062143,1.693221
21,59,516,HandTipLeft,-0.2797288,-0.08326142,1.575651
21,59,516,ThumbLeft,-0.3421252,-0.04191586,1.6005
21,59,516,HandTipRight,-0.03591811,-0.07278708,1.82668
21,59,516,ThumbRight,-0.04506244,0.02314077,1.829036
21,59,640,SpineBase,-0.1464764,0.05493221,1.806797
21,59,641,SpineMid,-0.1617968,0.3616298,1.721115
21,59,641,Neck,-0.1751537,0.6541428,1.623486
21,59,641,Head,-0.1121595,0.7793572,1.610776
21,59,641,ShoulderLeft,-0.2781056,0.5065405,1.566267
21,59,642,ElbowLeft,-0.3174082,0.2610133,1.580054
21,59,642,WristLeft,-0.2511101,0.0306296,1.525996
21,59,642,HandLeft,-0.2199244,-0.03012026,1.495699
21,59,642,ShoulderRight,-0.06213633,0.5350576,1.74296
21,59,642,ElbowRight,-0.04389862,0.2992259,1.73745
21,59,642,WristRight,-0.005780811,0.07475948,1.771399
21,59,642,HandRight,-0.04854604,0.004391973,1.759763
21,59,642,HipLeft,-0.1954384,0.04389919,1.735723
21,59,642,KneeLeft,-0.2762688,-0.2825305,1.818415
21,59,643,AnkleLeft,-0.3595448,-0.6326019,2.065002
21,59,643,FootLeft,-0.3363087,-0.704711,2.029105
21,59,643,HipRight,-0.09176197,0.06375511,1.805701
21,59,643,KneeRight,-0.03017116,-0.30071,1.861848
21,59,643,AnkleRight,0.0732309,-0.6623701,1.922016
21,59,643,FootRight,0.1342856,-0.731806,1.838317
21,59,643,SpineShoulder,-0.1721194,0.5830893,1.649866
21,59,643,HandTipLeft,-0.186005,-0.08901213,1.478813
21,59,643,ThumbLeft,-0.2508197,-0.05043697,1.512261
21,59,644,HandTipRight,-0.0672713,-0.07350597,1.759296
21,59,644,ThumbRight,-0.004206232,0.003435579,1.77244
21,59,703,SpineBase,-0.1096153,0.03328171,1.774037
21,59,704,SpineMid,-0.1184962,0.3441233,1.693274
21,59,704,Neck,-0.125988,0.6404285,1.600313
21,59,704,Head,-0.05878574,0.7653303,1.592158
21,59,704,ShoulderLeft,-0.2293691,0.4933076,1.54023
21,59,704,ElbowLeft,-0.2738955,0.2465559,1.550992
21,59,705,WristLeft,-0.2052235,0.01784081,1.489018
21,59,705,HandLeft,-0.1737506,-0.0411395,1.46078
21,59,705,ShoulderRight,-0.01423826,0.5147471,1.715824
21,59,705,ElbowRight,-0.003008025,0.2472149,1.720536
21,59,705,WristRight,0.03355741,0.0233281,1.752172
21,59,705,HandRight,-0.002222415,-0.05410059,1.728302
21,59,705,HipLeft,-0.1587862,0.02500986,1.702935
21,59,705,KneeLeft,-0.2516659,-0.289649,1.786955
21,59,705,AnkleLeft,-0.3531417,-0.6275776,2.055474
21,59,706,FootLeft,-0.3352364,-0.7022181,2.026087
21,59,706,HipRight,-0.05607404,0.04018186,1.772736
21,59,706,KneeRight,0.01017782,-0.3186755,1.818855
21,59,706,AnkleRight,0.1107191,-0.6919011,1.875887
21,59,706,FootRight,0.1798933,-0.7616583,1.80846
21,59,706,SpineShoulder,-0.1243303,0.5684683,1.625543
21,59,706,HandTipLeft,-0.1384993,-0.09793714,1.441748
21,59,707,ThumbLeft,-0.2032055,-0.0697946,1.4766
21,59,707,HandTipRight,-0.02274502,-0.1280398,1.72215
21,59,707,ThumbRight,0.04482,-0.05827236,1.73436
21,59,849,SpineBase,-0.008827298,0.008622149,1.699536
21,59,849,SpineMid,-0.01024199,0.3325705,1.630334
21,59,849,Neck,-0.01150552,0.6407031,1.548619
21,59,850,Head,0.06001735,0.7573101,1.551167
21,59,850,ShoulderLeft,-0.1196532,0.4915006,1.486884
21,59,850,ElbowLeft,-0.1972594,0.2364864,1.520109
21,59,851,WristLeft,-0.1532074,0.001886986,1.460866
21,59,851,HandLeft,-0.1337136,-0.04687553,1.455194
21,59,851,ShoulderRight,0.09438651,0.4961746,1.659288
21,59,851,ElbowRight,0.09185438,0.2309767,1.652256
21,59,852,WristRight,0.127669,0.007419857,1.683746
21,59,852,HandRight,0.09226717,-0.07240809,1.65158
21,59,852,HipLeft,-0.0612089,0.001456389,1.627208
21,59,852,KneeLeft,-0.1719233,-0.29365,1.699656
21,59,854,AnkleLeft,-0.3153304,-0.6011522,1.989548
21,59,855,FootLeft,-0.2530363,-0.6488109,1.900568
21,59,855,HipRight,0.04380649,0.01540241,1.699075
21,59,855,KneeRight,0.09915683,-0.3211151,1.729004
21,59,856,AnkleRight,0.1378059,-0.7030317,1.840399
21,59,856,FootRight,0.1793303,-0.7672818,1.806751
21,59,856,SpineShoulder,-0.01121223,0.5659299,1.571028
21,59,857,HandTipLeft,-0.1113903,-0.1145099,1.430217
21,59,857,ThumbLeft,-0.1752795,-0.0701538,1.465333
21,59,857,HandTipRight,0.072131,-0.1447032,1.642001
21,59,857,ThumbRight,0.1355752,-0.0711801,1.66003
21,59,904,SpineBase,0.03252891,0.009703228,1.674291
21,59,904,SpineMid,0.03573276,0.3350563,1.603994
21,59,905,Neck,0.0368086,0.6441346,1.522224
21,59,906,Head,0.1112499,0.7559504,1.532707
21,59,906,ShoulderLeft,-0.07573646,0.4966491,1.460614
21,59,906,ElbowLeft,-0.1726094,0.2306317,1.504565
21,59,906,WristLeft,-0.1519303,0.002503361,1.460255
21,59,907,HandLeft,-0.139209,-0.0492011,1.455512
21,59,907,ShoulderRight,0.1488912,0.4872345,1.648636
21,59,907,ElbowRight,0.1297967,0.216774,1.62998
21,59,907,WristRight,0.1653463,-0.006921624,1.661442
21,59,907,HandRight,0.1287675,-0.08577356,1.62799
21,59,907,HipLeft,-0.01612237,0.005796655,1.598089
21,59,908,KneeLeft,-0.1251168,-0.3047524,1.64511
21,59,908,AnkleLeft,-0.2903444,-0.5997743,1.943194
21,59,908,FootLeft,-0.2268816,-0.6479099,1.85432
21,59,908,HipRight,0.07844524,0.01351416,1.678159
21,59,908,KneeRight,0.1225886,-0.3212888,1.698329
21,59,908,AnkleRight,0.1393656,-0.7045314,1.84347
21,59,908,FootRight,0.1790016,-0.7676513,1.80674
21,59,909,SpineShoulder,0.0366004,0.5691779,1.544635
21,59,909,HandTipLeft,-0.122572,-0.120788,1.450432
21,59,909,ThumbLeft,-0.176707,-0.06268235,1.470238
21,59,909,HandTipRight,0.1163023,-0.1552073,1.616547
21,59,909,ThumbRight,0.1695569,-0.0867516,1.649643
21,59,958,SpineBase,0.05121377,0.00555307,1.655249
21,59,959,SpineMid,0.0621161,0.3313452,1.58112
21,59,959,Neck,0.07487619,0.640668,1.492827
21,59,959,Head,0.16097,0.74277,1.505179
21,59,959,ShoulderLeft,-0.04548949,0.4941753,1.441048
21,59,960,ElbowLeft,-0.1395935,0.2130576,1.483275
21,59,966,WristLeft,-0.1525754,-0.01644131,1.458988
21,59,966,HandLeft,-0.1375209,-0.05435576,1.464983
21,59,966,ShoulderRight,0.1912687,0.4765935,1.631932
21,59,966,ElbowRight,0.1529665,0.2490606,1.574336
21,59,966,WristRight,0.2297183,0.04371424,1.704569
21,59,966,HandRight,0.2333771,-0.0368459,1.703089
21,59,966,HipLeft,-0.0006240215,0.003956966,1.582172
21,59,967,KneeLeft,-0.09174515,-0.3058591,1.586644
21,59,967,AnkleLeft,-0.2485045,-0.612545,1.884492
21,59,967,FootLeft,-0.2592773,-0.6972656,1.883789
21,59,967,HipRight,0.1014154,0.006371823,1.654158
21,59,967,KneeRight,0.1400838,-0.3264603,1.668767
21,59,967,AnkleRight,0.1396489,-0.7043423,1.843316
21,59,967,FootRight,0.177669,-0.7679719,1.804467
21,59,967,SpineShoulder,0.07161789,0.5656741,1.516946
21,59,967,HandTipLeft,-0.1362745,-0.1179001,1.45997
21,59,967,ThumbLeft,-0.1816479,-0.04197353,1.473095
21,59,967,HandTipRight,0.2442927,-0.1068292,1.702269
21,59,967,ThumbRight,0.2097387,-0.04701446,1.720834
22,00,055,SpineBase,0.0703641,-0.002603492,1.606198
22,00,055,SpineMid,0.0967831,0.3237309,1.53634
22,00,055,Neck,0.1211059,0.6330479,1.453778
22,00,056,Head,0.2082217,0.7353328,1.468359
22,00,056,ShoulderLeft,0.001412973,0.485081,1.401289
22,00,056,ElbowLeft,-0.1304429,0.2107498,1.470949
22,00,056,WristLeft,-0.1516909,-0.01973007,1.457414
22,00,056,HandLeft,-0.1341921,-0.05664481,1.465547
22,00,056,ShoulderRight,0.2354136,0.4741056,1.596828
22,00,056,ElbowRight,0.2361592,0.1968825,1.675808
22,00,056,WristRight,0.3013869,-0.02318512,1.645873
22,00,056,HandRight,0.310838,-0.05591705,1.635543
22,00,056,HipLeft,0.01822758,0.003200181,1.531396
22,00,056,KneeLeft,-0.04935674,-0.2948813,1.534088
22,00,056,AnkleLeft,-0.1703397,-0.6650503,1.781872
22,00,056,FootLeft,-0.1097247,-0.7124722,1.693433
22,00,057,HipRight,0.1191385,-0.008270917,1.607662
22,00,057,KneeRight,0.1522994,-0.3268961,1.634568
22,00,057,AnkleRight,0.1423135,-0.7018068,1.836728
22,00,057,FootRight,0.1748313,-0.7684857,1.793331
22,00,057,SpineShoulder,0.1153291,0.5581337,1.476367
22,00,057,HandTipLeft,-0.141382,-0.1066789,1.474344
22,00,057,ThumbLeft,-0.1818948,-0.0543775,1.472883
22,00,057,HandTipRight,0.323099,-0.1197709,1.61307
22,00,057,ThumbRight,0.2955431,-0.07161614,1.650903
22,00,173,SpineBase,0.07530133,-0.004552784,1.597102
22,00,173,SpineMid,0.1003391,0.322287,1.530391
22,00,173,Neck,0.123492,0.6319485,1.45025
22,00,174,Head,0.2163754,0.7239216,1.459537
22,00,174,ShoulderLeft,0.003965736,0.4837623,1.397893
22,00,174,ElbowLeft,-0.1151367,0.2054759,1.454425
22,00,174,WristLeft,-0.1457477,-0.0220449,1.449815
22,00,174,HandLeft,-0.1312079,-0.05964751,1.456999
22,00,174,ShoulderRight,0.2375076,0.4735273,1.594074
22,00,174,ElbowRight,0.2562425,0.1784151,1.657831
22,00,174,WristRight,0.3337843,-0.03346481,1.611803
22,00,174,HandRight,0.3423755,-0.0498765,1.602453
22,00,174,HipLeft,0.0238633,0.001060982,1.5193
22,00,174,KneeLeft,-0.03974202,-0.313166,1.519696
22,00,174,AnkleLeft,-0.1228889,-0.724568,1.722118
22,00,175,FootLeft,-0.1193029,-0.7920247,1.668554
22,00,175,HipRight,0.1231769,-0.009940348,1.600992
22,00,175,KneeRight,0.153945,-0.3286442,1.627339
22,00,175,AnkleRight,0.1434599,-0.6986187,1.831303
22,00,175,FootRight,0.1745295,-0.7687194,1.792234
22,00,175,SpineShoulder,0.1179878,0.5569613,1.472301
22,00,175,HandTipLeft,-0.1387871,-0.1215217,1.466784
22,00,175,ThumbLeft,-0.1774341,-0.05122718,1.474021
22,00,175,HandTipRight,0.3584791,-0.1093011,1.578293
22,00,175,ThumbRight,0.3262519,-0.07292788,1.617135
22,00,249,SpineBase,0.1004039,-0.01835585,1.564741
22,00,249,SpineMid,0.1247508,0.3078201,1.485425
22,00,249,Neck,0.1444195,0.6178158,1.396182
22,00,249,Head,0.2364564,0.7158412,1.418018
22,00,249,ShoulderLeft,0.03442,0.462148,1.340001
22,00,249,ElbowLeft,-0.08785187,0.185327,1.408261
22,00,249,WristLeft,-0.117797,-0.04013265,1.411378
22,00,249,HandLeft,-0.09624831,-0.07624494,1.423983
22,00,250,ShoulderRight,0.2525906,0.4738756,1.544072
22,00,250,ElbowRight,0.2739012,0.1751731,1.617205
22,00,250,WristRight,0.3421221,-0.04079954,1.599541
22,00,250,HandRight,0.3532227,-0.04960155,1.578821
22,00,250,HipLeft,0.0527852,-0.01735656,1.483438
22,00,250,KneeLeft,-0.0294568,-0.3326187,1.510156
22,00,250,AnkleLeft,-0.05586008,-0.7557613,1.63906
22,00,250,FootLeft,0.005867142,-0.799275,1.556395
22,00,250,HipRight,0.1434475,-0.01900643,1.572366
22,00,250,KneeRight,0.1612935,-0.3438903,1.615798
22,00,251,AnkleRight,0.1436643,-0.6980874,1.830029
22,00,251,FootRight,0.1742876,-0.769144,1.792112
22,00,251,SpineShoulder,0.1398395,0.5428174,1.420444
22,00,251,HandTipLeft,-0.09779334,-0.1380468,1.430215
22,00,251,ThumbLeft,-0.1443292,-0.06705985,1.43313
22,00,251,HandTipRight,0.3737659,-0.1118477,1.553724
22,00,251,ThumbRight,0.3357198,-0.07522565,1.607667
22,00,340,SpineBase,0.1334724,-0.035619,1.531036
22,00,340,SpineMid,0.1308305,0.2994277,1.464074
22,00,340,Neck,0.1354076,0.6118864,1.374527
22,00,340,Head,0.2282324,0.7072164,1.396346
22,00,340,ShoulderLeft,0.03323339,0.4502468,1.311821
22,00,341,ElbowLeft,-0.06657423,0.1632385,1.355055
22,00,341,WristLeft,-0.07112892,-0.06244516,1.348757
22,00,341,HandLeft,-0.05973176,-0.09873816,1.366467
22,00,341,ShoulderRight,0.2258538,0.4734463,1.49238
22,00,341,ElbowRight,0.2679872,0.1902686,1.592586
22,00,341,WristRight,0.3248076,-0.02687607,1.587607
22,00,341,HandRight,0.3367828,-0.06258423,1.574335
22,00,341,HipLeft,0.0829718,-0.03724906,1.449624
22,00,342,KneeLeft,-0.0104899,-0.3556307,1.498947
22,00,342,AnkleLeft,-0.05021978,-0.7697886,1.642835
22,00,342,FootLeft,-0.04088225,-0.8363702,1.603077
22,00,342,HipRight,0.1772837,-0.03225762,1.538947
22,00,342,KneeRight,0.1720315,-0.3518236,1.609046
22,00,342,AnkleRight,0.1442707,-0.6972239,1.827329
22,00,342,FootRight,0.1739712,-0.7692005,1.791097
22,00,342,SpineShoulder,0.1347314,0.5365441,1.399622
22,00,342,HandTipLeft,-0.06051186,-0.161208,1.369402
22,00,343,ThumbLeft,-0.103911,-0.1006758,1.370021
22,00,343,HandTipRight,0.352507,-0.1294806,1.556131
22,00,343,ThumbRight,0.3152137,-0.07565597,1.595382
22,00,412,SpineBase,0.1516775,-0.03406982,1.496198
22,00,412,SpineMid,0.1334644,0.2955876,1.429493
22,00,412,Neck,0.1172367,0.6064188,1.346914
22,00,413,Head,0.2037642,0.7055447,1.366202
22,00,414,ShoulderLeft,0.02491631,0.4408425,1.280692
22,00,414,ElbowLeft,-0.04590916,0.1484909,1.303406
22,00,414,WristLeft,-0.01880694,-0.07415653,1.279923
22,00,414,HandLeft,-0.01212391,-0.1192368,1.286552
22,00,414,ShoulderRight,0.2201551,0.4843594,1.478072
22,00,414,ElbowRight,0.2614504,0.199794,1.57111
22,00,414,WristRight,0.3033261,-0.06014945,1.582054
22,00,414,HandRight,0.3092207,-0.1015578,1.586203
22,00,415,HipLeft,0.1018521,-0.03945336,1.414657
22,00,415,KneeLeft,0.01966732,-0.3563756,1.459027
22,00,415,AnkleLeft,-0.04965571,-0.7701073,1.64093
22,00,415,FootLeft,-0.03652568,-0.8352764,1.598917
22,00,415,HipRight,0.1940588,-0.0270384,1.503718
22,00,415,KneeRight,0.1807361,-0.3521585,1.546577
22,00,415,AnkleRight,0.1442352,-0.6980284,1.826516
22,00,415,FootRight,0.1731232,-0.7690729,1.789345
22,00,415,SpineShoulder,0.1215901,0.5314298,1.370207
22,00,415,HandTipLeft,0.001758548,-0.1840302,1.293433
22,00,416,ThumbLeft,-0.0490078,-0.1286681,1.291325
22,00,416,HandTipRight,0.3175197,-0.1547771,1.572201
22,00,416,ThumbRight,0.2869654,-0.1083452,1.604087
22,00,514,SpineBase,0.1552678,-0.04373246,1.4841
22,00,514,SpineMid,0.1313043,0.2863703,1.412496
22,00,514,Neck,0.1058766,0.597783,1.324772
22,00,514,Head,0.1890482,0.699442,1.348153
22,00,515,ShoulderLeft,0.02092322,0.4297372,1.257538
22,00,515,ElbowLeft,-0.02478471,0.1278501,1.261539
22,00,515,WristLeft,0.03035553,-0.08557735,1.215229
22,00,515,HandLeft,0.04660159,-0.1221309,1.215325
22,00,515,ShoulderRight,0.2021848,0.4486807,1.432132
22,00,515,ElbowRight,0.2434918,0.1650922,1.522366
22,00,515,WristRight,0.2891862,-0.1025647,1.544971
22,00,515,HandRight,0.2940306,-0.1104215,1.58164
22,00,515,HipLeft,0.1057069,-0.05217579,1.400473
22,00,516,KneeLeft,0.02376409,-0.3595796,1.446963
22,00,516,AnkleLeft,-0.04924317,-0.7687252,1.638396
22,00,516,FootLeft,-0.03423696,-0.8327138,1.595229
22,00,516,HipRight,0.1970143,-0.0335521,1.493751
22,00,516,KneeRight,0.1915367,-0.3383298,1.508047
22,00,516,AnkleRight,0.1461437,-0.6903062,1.81508
22,00,516,FootRight,0.1726046,-0.7692761,1.789315
22,00,516,SpineShoulder,0.1124921,0.5224662,1.348729
22,00,516,HandTipLeft,0.07829156,-0.1891702,1.210056
22,00,516,ThumbLeft,0.03842165,-0.123944,1.175955
22,00,516,HandTipRight,0.3018412,-0.148274,1.596263
22,00,516,ThumbRight,0.301926,-0.1106643,1.577364
22,00,659,SpineBase,0.1463982,-0.05000116,1.463675
22,00,659,SpineMid,0.1226412,0.280469,1.39093
22,00,659,Neck,0.09876655,0.5925898,1.305228
22,00,659,Head,0.1800927,0.6943185,1.329578
22,00,659,ShoulderLeft,0.01918957,0.4154065,1.234516
22,00,660,ElbowLeft,0.002667267,0.1095348,1.224444
22,00,660,WristLeft,0.07679221,-0.09546737,1.174147
22,00,660,HandLeft,0.09316204,-0.1200332,1.162243
22,00,660,ShoulderRight,0.1966784,0.4676127,1.423854
22,00,660,ElbowRight,0.2377349,0.1858529,1.513422
22,00,660,WristRight,0.2838054,-0.08409754,1.536877
22,00,660,HandRight,0.2891014,-0.1095367,1.569911
22,00,660,HipLeft,0.09685428,-0.05760062,1.376782
22,00,661,KneeLeft,0.02487461,-0.3643912,1.432538
22,00,661,AnkleLeft,-0.04916122,-0.768948,1.637678
22,00,661,FootLeft,-0.0340896,-0.832029,1.594459
22,00,661,HipRight,0.1884633,-0.03992892,1.476462
22,00,661,KneeRight,0.1874866,-0.3475103,1.499973
22,00,661,AnkleRight,0.1471924,-0.6958995,1.807006
22,00,661,FootRight,0.1717495,-0.7699389,1.788652
22,00,661,SpineShoulder,0.1048536,0.517194,1.328611
22,00,662,HandTipLeft,0.1275122,-0.1749128,1.152985
22,00,662,ThumbLeft,0.06412629,-0.1380454,1.165048
22,00,663,HandTipRight,0.2925134,-0.1415986,1.572794
22,00,663,ThumbRight,0.2959448,-0.1213318,1.5705
22,00,775,SpineBase,0.147215,-0.05116951,1.465263
22,00,775,SpineMid,0.1225764,0.2793287,1.389914
22,00,775,Neck,0.09643614,0.5893713,1.295681
22,00,775,Head,0.1773778,0.6907187,1.324423
22,00,775,ShoulderLeft,0.02025276,0.4101858,1.226805
22,00,775,ElbowLeft,0.00401322,0.1064789,1.22314
22,00,776,WristLeft,0.07976391,-0.09652389,1.174117
22,00,776,HandLeft,0.09963495,-0.1262181,1.167645
22,00,776,ShoulderRight,0.1952008,0.4696949,1.418733
22,00,776,ElbowRight,0.2359763,0.1897378,1.507587
22,00,776,WristRight,0.2823494,-0.08213973,1.531756
22,00,776,HandRight,0.2896183,-0.1071108,1.557024
22,00,776,HipLeft,0.09883502,-0.05948351,1.379876
22,00,776,KneeLeft,0.024225,-0.3667188,1.429626
22,00,776,AnkleLeft,-0.04908389,-0.7687912,1.63713
22,00,776,FootLeft,-0.03369015,-0.8309683,1.593686
22,00,777,HipRight,0.1885867,-0.04053553,1.477091
22,00,777,KneeRight,0.2179153,-0.3495099,1.524672
22,00,777,AnkleRight,0.1459411,-0.7070974,1.81251
22,00,777,FootRight,0.1715026,-0.7707027,1.785536
22,00,777,SpineShoulder,0.1033208,0.5145855,1.322054
22,00,777,HandTipLeft,0.1389315,-0.1870174,1.159929
22,00,777,ThumbLeft,0.07152555,-0.1489378,1.173765
22,00,777,HandTipRight,0.2913748,-0.1480854,1.555404
22,00,777,ThumbRight,0.3015483,-0.1074271,1.555333
22,00,867,SpineBase,0.1477104,-0.05132565,1.465825
22,00,867,SpineMid,0.1227632,0.2782789,1.387893
22,00,868,Neck,0.09583829,0.5869574,1.288633
22,00,868,Head,0.1753146,0.6881965,1.318187
22,00,869,ShoulderLeft,0.02255621,0.409084,1.219956
22,00,869,ElbowLeft,0.007290062,0.1072511,1.22136
22,00,869,WristLeft,0.07748371,-0.09791377,1.18178
22,00,869,HandLeft,0.08807779,-0.1381046,1.190579
22,00,869,ShoulderRight,0.1946347,0.4702602,1.412974
22,00,869,ElbowRight,0.2351585,0.1918449,1.501212
22,00,869,WristRight,0.2817828,-0.08167604,1.525987
22,00,869,HandRight,0.2903067,-0.1090226,1.545076
22,00,870,HipLeft,0.09983957,-0.06018475,1.380754
22,00,870,KneeLeft,0.02490967,-0.3682784,1.426966
22,00,870,AnkleLeft,-0.04868701,-0.7662444,1.633816
22,00,870,FootLeft,-0.03387125,-0.8282551,1.594244
22,00,870,HipRight,0.188722,-0.04042481,1.477352
22,00,872,KneeRight,0.1696789,-0.3496949,1.477442
22,00,873,AnkleRight,0.145428,-0.6865494,1.790878
22,00,874,FootRight,0.1711902,-0.770815,1.785329
22,00,874,SpineShoulder,0.102869,0.512455,1.315991
22,00,874,HandTipLeft,0.12196,-0.2065149,1.198014
22,00,874,ThumbLeft,0.0553428,-0.1489712,1.19435
22,00,875,HandTipRight,0.2962329,-0.1527838,1.549847
22,00,875,ThumbRight,0.3086056,-0.1158075,1.5485
22,00,927,SpineBase,0.1490236,-0.05180143,1.466866
22,00,927,SpineMid,0.1235184,0.2774592,1.386676
22,00,927,Neck,0.09644011,0.5859941,1.285541
22,00,927,Head,0.1749588,0.6863325,1.314169
22,00,928,ShoulderLeft,0.02443418,0.4076915,1.216949
22,00,928,ElbowLeft,0.008759539,0.1076677,1.221608
22,00,928,WristLeft,0.07241627,-0.09961364,1.193376
22,00,928,HandLeft,0.07531517,-0.1429431,1.213803
22,00,928,ShoulderRight,0.1951675,0.4705406,1.410025
22,00,928,ElbowRight,0.2354487,0.1935616,1.497689
22,00,928,WristRight,0.2907807,-0.0697071,1.550809
22,00,928,HandRight,0.2933519,-0.1118652,1.542921
22,00,928,HipLeft,0.1019804,-0.06139791,1.382215
22,00,929,KneeLeft,0.02589363,-0.3686919,1.42637
22,00,929,AnkleLeft,-0.04890249,-0.7657369,1.632697
22,00,929,FootLeft,-0.03360157,-0.8269711,1.592833
22,00,929,HipRight,0.1892274,-0.04037154,1.477883
22,00,929,KneeRight,0.1723458,-0.3510748,1.479271
22,00,929,AnkleRight,0.1457168,-0.6866027,1.791079
22,00,929,FootRight,0.17095,-0.7714669,1.783247
22,00,930,SpineShoulder,0.1034911,0.5114994,1.313229
22,00,930,HandTipLeft,0.1009456,-0.2148331,1.22462
22,00,930,ThumbLeft,0.06397779,-0.161293,1.181735
22,00,930,HandTipRight,0.2926812,-0.1552558,1.54227
22,00,930,ThumbRight,0.3124204,-0.1190593,1.539091
22,01,074,SpineBase,0.1506442,-0.05363262,1.467315
22,01,075,SpineMid,0.1247122,0.2758334,1.384888
22,01,075,Neck,0.09734684,0.585227,1.282965
22,01,075,Head,0.1765046,0.6854756,1.311689
22,01,075,ShoulderLeft,0.02592475,0.4069013,1.215251
22,01,075,ElbowLeft,0.004415248,0.1081142,1.227766
22,01,075,WristLeft,0.04577177,-0.1041902,1.235319
22,01,076,HandLeft,0.05205713,-0.1394194,1.246705
22,01,076,ShoulderRight,0.1960217,0.4706328,1.407492
22,01,076,ElbowRight,0.2075344,0.2485183,1.4028
22,01,076,WristRight,0.2754989,-0.01160211,1.505726
22,01,076,HandRight,0.2887325,-0.07938361,1.533829
22,01,076,HipLeft,0.1037071,-0.06297801,1.383192
22,01,076,KneeLeft,0.02634627,-0.3690034,1.426803
22,01,077,AnkleLeft,-0.04853087,-0.7670159,1.633182
22,01,077,FootLeft,-0.03315938,-0.8287038,1.592593
22,01,077,HipRight,0.1904546,-0.04215737,1.477656
22,01,077,KneeRight,0.1730239,-0.3528293,1.481435
22,01,077,AnkleRight,0.145571,-0.6905743,1.795317
22,01,077,FootRight,0.1705787,-0.7715546,1.783329
22,01,077,SpineShoulder,0.104427,0.510525,1.310736
22,01,077,HandTipLeft,0.07190225,-0.2113147,1.26179
22,01,078,ThumbLeft,0.0306832,-0.1602829,1.226171
22,01,078,HandTipRight,0.2997364,-0.1430743,1.539975
22,01,078,ThumbRight,0.3226998,-0.09554358,1.5355
22,01,128,SpineBase,0.1514884,-0.05444785,1.467302
22,01,128,SpineMid,0.1256749,0.2748497,1.383534
22,01,128,Neck,0.09833235,0.5846485,1.281353
22,01,129,Head,0.177213,0.6857967,1.311077
22,01,129,ShoulderLeft,0.02706191,0.4070838,1.214194
22,01,129,ElbowLeft,-0.008903389,0.1201696,1.237886
22,01,129,WristLeft,0.03875896,-0.09079204,1.242054
22,01,129,HandLeft,0.04514799,-0.1376529,1.261243
22,01,129,ShoulderRight,0.1969637,0.4705999,1.40589
22,01,129,ElbowRight,0.2075011,0.2489301,1.403001
22,01,129,WristRight,0.2761268,-0.01049557,1.505651
22,01,130,HandRight,0.2886352,-0.0797048,1.532133
22,01,130,HipLeft,0.1049314,-0.06370163,1.383369
22,01,130,KneeLeft,0.02664184,-0.3689035,1.426781
22,01,130,AnkleLeft,-0.04815086,-0.7679073,1.633124
22,01,130,FootLeft,-0.03268016,-0.8300753,1.592597
22,01,130,HipRight,0.1908664,-0.04295776,1.477349
22,01,130,KneeRight,0.1739055,-0.3545985,1.483574
22,01,130,AnkleRight,0.1456994,-0.690816,1.798911
22,01,131,FootRight,0.1707399,-0.7721348,1.781953
22,01,131,SpineShoulder,0.1053817,0.5098547,1.309118
22,01,131,HandTipLeft,0.06383079,-0.2069784,1.274391
22,01,131,ThumbLeft,0.01761949,-0.1561899,1.243129
22,01,131,HandTipRight,0.2999192,-0.1431115,1.539322
22,01,131,ThumbRight,0.3163602,-0.1075335,1.5271
22,01,232,SpineBase,0.1518362,-0.05521312,1.466684
22,01,232,SpineMid,0.1263767,0.2741041,1.382372
22,01,233,Neck,0.09937116,0.5842782,1.28065
22,01,233,Head,0.1780046,0.6860541,1.310416
22,01,233,ShoulderLeft,0.02730098,0.4070995,1.214081
22,01,233,ElbowLeft,-0.01455842,0.1286103,1.242723
22,01,234,WristLeft,0.04662585,-0.1449476,1.27106
22,01,234,HandLeft,0.04217875,-0.1580463,1.278115
22,01,234,ShoulderRight,0.1979657,0.4705803,1.405169
22,01,234,ElbowRight,0.207824,0.2494084,1.403292
22,01,234,WristRight,0.2759858,-0.009650037,1.505422
22,01,235,HandRight,0.2871068,-0.07682437,1.530781
22,01,235,HipLeft,0.1052637,-0.06399495,1.383053
22,01,235,KneeLeft,0.02683355,-0.368977,1.426775
22,01,235,AnkleLeft,-0.0482845,-0.7671647,1.632842
22,01,236,FootLeft,-0.03244998,-0.8297635,1.592461
22,01,236,HipRight,0.1910215,-0.04429008,1.476138
22,01,236,KneeRight,0.1759981,-0.3561544,1.486975
22,01,236,AnkleRight,0.1458446,-0.6950239,1.803646
22,01,237,FootRight,0.1705649,-0.7721785,1.781074
22,01,237,SpineShoulder,0.1063069,0.5094181,1.308289
22,01,237,HandTipLeft,0.05609453,-0.2011444,1.284249
22,01,237,ThumbLeft,0.02754439,-0.1878747,1.264846
22,01,237,HandTipRight,0.303302,-0.1393463,1.541406
22,01,237,ThumbRight,0.3144171,-0.1183795,1.533
22,01,331,SpineBase,0.1520218,-0.0555638,1.466574
22,01,331,SpineMid,0.1268755,0.2737508,1.381909
22,01,331,Neck,0.1003598,0.584075,1.280272
22,01,332,Head,0.1797137,0.6855035,1.309313
22,01,332,ShoulderLeft,0.0275942,0.4075026,1.214118
22,01,332,ElbowLeft,-0.02069977,0.138677,1.24739
22,01,332,WristLeft,0.01802834,-0.0715789,1.26571
22,01,332,HandLeft,0.04105352,-0.1367698,1.283858
22,01,333,ShoulderRight,0.1999354,0.4713655,1.407276
22,01,333,ElbowRight,0.2099945,0.2509636,1.408241
22,01,333,WristRight,0.2769825,-0.007957694,1.509513
22,01,333,HandRight,0.2874652,-0.07699489,1.53116
22,01,333,HipLeft,0.1055332,-0.06407355,1.383212
22,01,333,KneeLeft,0.0272123,-0.3689791,1.426752
22,01,333,AnkleLeft,-0.04808967,-0.7667786,1.631793
22,01,333,FootLeft,-0.03227285,-0.8299778,1.59248
22,01,333,HipRight,0.1909595,-0.04522917,1.475189
22,01,333,KneeRight,0.1769541,-0.3563997,1.487675
22,01,334,AnkleRight,0.145347,-0.6974809,1.805846
22,01,334,FootRight,0.1706762,-0.7720448,1.779227
22,01,334,SpineShoulder,0.1071307,0.5091867,1.30787
22,01,334,HandTipLeft,0.05684372,-0.2032999,1.294401
22,01,335,ThumbLeft,0.003954528,-0.1542629,1.2818
22,01,335,HandTipRight,0.3005691,-0.1375111,1.538351
22,01,335,ThumbRight,0.3135809,-0.1079531,1.533517
22,01,386,SpineBase,0.1522089,-0.05578031,1.466676
22,01,386,SpineMid,0.1273611,0.2734104,1.381682
22,01,386,Neck,0.1013524,0.5836747,1.27995
22,01,386,Head,0.1817313,0.6843423,1.308268
22,01,387,ShoulderLeft,0.0276093,0.4075204,1.214187
22,01,387,ElbowLeft,-0.02272051,0.1416464,1.24929
22,01,387,WristLeft,0.03423446,-0.07618059,1.268869
22,01,387,HandLeft,0.04497392,-0.1340138,1.284639
22,01,387,ShoulderRight,0.2015493,0.4715634,1.408634
22,01,387,ElbowRight,0.2114041,0.2517788,1.410579
22,01,387,WristRight,0.2776811,-0.006761309,1.511284
22,01,387,HandRight,0.288704,-0.07709017,1.530341
22,01,387,HipLeft,0.1060234,-0.06411132,1.383718
22,01,388,KneeLeft,0.02756047,-0.3688408,1.426997
22,01,388,AnkleLeft,-0.04800558,-0.7662399,1.631168
22,01,388,FootLeft,-0.0321236,-0.8299022,1.592376
22,01,388,HipRight,0.1909865,-0.04576537,1.474808
22,01,388,KneeRight,0.1952939,-0.3342257,1.499798
22,01,388,AnkleRight,0.1468323,-0.6921945,1.802523
22,01,388,FootRight,0.170558,-0.7720408,1.779121
22,01,388,SpineShoulder,0.1079681,0.5088078,1.30755
22,01,389,HandTipLeft,0.06143272,-0.2038245,1.295204
22,01,389,ThumbLeft,0.01278436,-0.1558118,1.267239
22,01,389,HandTipRight,0.305371,-0.141083,1.540855
22,01,389,ThumbRight,0.3173655,-0.1060253,1.536083
22,01,490,SpineBase,0.153041,-0.05666877,1.467075
22,01,491,SpineMid,0.1282174,0.2729072,1.381713
22,01,491,Neck,0.1024611,0.5834837,1.279972
22,01,491,Head,0.1839814,0.6833325,1.30802
22,01,491,ShoulderLeft,0.02766556,0.4076399,1.214542
22,01,491,ElbowLeft,-0.0233777,0.1428521,1.250886
22,01,492,WristLeft,0.03440674,-0.0765577,1.269236
22,01,492,HandLeft,0.04556412,-0.133957,1.286489
22,01,492,ShoulderRight,0.2022775,0.4712707,1.408719
22,01,492,ElbowRight,0.2118536,0.2520105,1.410891
22,01,492,WristRight,0.2777148,-0.00622054,1.510782
22,01,492,HandRight,0.2891818,-0.07698508,1.53071
22,01,492,HipLeft,0.1069069,-0.06418325,1.384473
22,01,492,KneeLeft,0.02762462,-0.368904,1.427141
22,01,493,AnkleLeft,-0.04792182,-0.766243,1.631063
22,01,493,FootLeft,-0.03206602,-0.8302877,1.591905
22,01,493,HipRight,0.1918178,-0.04773357,1.474784
22,01,493,KneeRight,0.185866,-0.3486398,1.496638
22,01,493,AnkleRight,0.1451104,-0.7014073,1.809166
22,01,493,FootRight,0.170505,-0.7718997,1.778221
22,01,493,SpineShoulder,0.1089903,0.5085456,1.307555
22,01,493,HandTipLeft,0.06104329,-0.2051987,1.298803
22,01,493,ThumbLeft,0.01108923,-0.1526393,1.271453
22,01,493,HandTipRight,0.3015999,-0.1382601,1.536407
22,01,494,ThumbRight,0.3163815,-0.110213,1.530528
