43,55,365,SpineBase,-0.7453165,0.2550676,2.586356
43,55,365,SpineMid,-0.7378458,0.5434074,2.485162
43,55,365,Neck,-0.726679,0.8220712,2.373318
43,55,366,Head,-0.6823094,0.9552842,2.354057
43,55,366,ShoulderLeft,-0.8206218,0.6895018,2.321273
43,55,366,ElbowLeft,-0.8677786,0.4281965,2.38998
43,55,366,WristLeft,-0.8759382,0.2077904,2.421288
43,55,366,HandLeft,-0.8626953,0.1839159,2.433712
43,55,366,ShoulderRight,-0.6249581,0.7185773,2.533695
43,55,366,ElbowRight,-0.6335732,0.4916251,2.633211
43,55,366,WristRight,-0.5971825,0.2836321,2.699667
43,55,366,HandRight,-0.593934,0.2238343,2.670094
43,55,366,HipLeft,-0.7800684,0.2449429,2.510397
43,55,366,KneeLeft,-0.8576516,0.02015556,2.558048
43,55,366,AnkleLeft,-0.8928521,-0.1860996,2.640707
43,55,366,FootLeft,-0.8508817,-0.113907,2.553558
43,55,366,HipRight,-0.6907414,0.2583926,2.593386
43,55,366,KneeRight,-0.6216981,-0.05904517,2.606063
43,55,366,AnkleRight,-0.5881338,-0.3545323,2.687002
43,55,366,FootRight,-0.5078352,-0.414984,2.60232
43,55,366,SpineShoulder,-0.7301307,0.7538762,2.403247
43,55,366,HandTipLeft,-0.8810535,0.1063587,2.423869
43,55,366,ThumbLeft,-0.8303013,0.1593909,2.429722
43,55,366,HandTipRight,-0.5790839,0.137027,2.694862
43,55,366,ThumbRight,-0.5890577,0.2163858,2.639273
43,55,428,SpineBase,-0.7153392,0.2337754,2.560897
43,55,428,SpineMid,-0.700511,0.5338759,2.458573
43,55,428,Neck,-0.681751,0.8241989,2.345143
43,55,428,Head,-0.6342818,0.9538474,2.328848
43,55,428,ShoulderLeft,-0.7844062,0.6885465,2.291952
43,55,428,ElbowLeft,-0.8611134,0.4435322,2.364456
43,55,428,WristLeft,-0.8671904,0.2212887,2.371023
43,55,428,HandLeft,-0.8434263,0.1879334,2.383646
43,55,428,ShoulderRight,-0.5785495,0.7120993,2.501566
43,55,428,ElbowRight,-0.5894526,0.4930513,2.610584
43,55,428,WristRight,-0.5565465,0.2763164,2.642322
43,55,428,HandRight,-0.5494723,0.1897592,2.626387
43,55,428,HipLeft,-0.7538474,0.2266764,2.489831
43,55,428,KneeLeft,-0.8347027,-0.02502803,2.541394
43,55,428,AnkleLeft,-0.791158,-0.2774959,2.647838
43,55,428,FootLeft,-0.8091988,-0.1641863,2.55196
43,55,428,HipRight,-0.6580587,0.2350089,2.562008
43,55,428,KneeRight,-0.6055516,-0.07845943,2.596939
43,55,428,AnkleRight,-0.5807625,-0.439695,2.703272
43,55,428,FootRight,-0.5016727,-0.5014747,2.614743
43,55,428,SpineShoulder,-0.6868336,0.7531143,2.37534
43,55,428,HandTipLeft,-0.8562347,0.08692772,2.368184
43,55,428,ThumbLeft,-0.8311765,0.1466374,2.39575
43,55,429,HandTipRight,-0.5393111,0.1260297,2.643134
43,55,429,ThumbRight,-0.552491,0.1995974,2.58216
43,55,533,SpineBase,-0.659085,0.212637,2.51212
43,55,533,SpineMid,-0.6415972,0.5212183,2.409356
43,55,533,Neck,-0.6208543,0.8189673,2.29531
43,55,534,Head,-0.5701855,0.9498831,2.280742
43,55,534,ShoulderLeft,-0.726563,0.69011,2.24111
43,55,534,ElbowLeft,-0.8239999,0.4318196,2.314929
43,55,534,WristLeft,-0.8328924,0.1984874,2.311965
43,55,534,HandLeft,-0.8173918,0.1611407,2.326515
43,55,534,ShoulderRight,-0.5156574,0.7096522,2.453611
43,55,534,ElbowRight,-0.5133759,0.4237703,2.566385
43,55,534,WristRight,-0.4810522,0.1952427,2.592007
43,55,534,HandRight,-0.4847879,0.1375501,2.567036
43,55,534,HipLeft,-0.6966932,0.2051197,2.437658
43,55,534,KneeLeft,-0.7801002,-0.0862563,2.485574
43,55,534,AnkleLeft,-0.5738941,-0.2806648,2.56985
43,55,534,FootLeft,-0.6588905,-0.1992854,2.490005
43,55,534,HipRight,-0.6026848,0.2140774,2.514798
43,55,534,KneeRight,-0.5581214,-0.09550741,2.566761
43,55,534,AnkleRight,-0.579017,-0.4425345,2.701518
43,55,534,FootRight,-0.5004565,-0.5043144,2.612027
43,55,534,SpineShoulder,-0.6266204,0.746166,2.325867
43,55,534,HandTipLeft,-0.8327161,0.08047175,2.323898
43,55,534,ThumbLeft,-0.7771047,0.1612203,2.322634
43,55,534,HandTipRight,-0.4926922,0.1010423,2.586361
43,55,534,ThumbRight,-0.4899079,0.1433011,2.524111
43,55,627,SpineBase,-0.606933,0.2194415,2.467817
43,55,627,SpineMid,-0.5931081,0.5213858,2.36582
43,55,627,Neck,-0.5761492,0.8124154,2.252538
43,55,631,Head,-0.5267486,0.9413632,2.225273
43,55,631,ShoulderLeft,-0.6859677,0.6844689,2.200293
43,55,631,ElbowLeft,-0.807671,0.4255845,2.297087
43,55,631,WristLeft,-0.8217125,0.1876355,2.304288
43,55,631,HandLeft,-0.8040619,0.1531522,2.303492
43,55,631,ShoulderRight,-0.4650625,0.6985917,2.397168
43,55,631,ElbowRight,-0.4605923,0.4261717,2.502056
43,55,631,WristRight,-0.4246717,0.1910712,2.518139
43,55,631,HandRight,-0.4322976,0.129641,2.511456
43,55,631,HipLeft,-0.6484215,0.2128954,2.396099
43,55,631,KneeLeft,-0.6981713,-0.09978322,2.38434
43,55,631,AnkleLeft,-0.8442946,-0.3832793,2.651817
43,55,631,FootLeft,-0.7658464,-0.4477215,2.557791
43,55,631,HipRight,-0.5477396,0.2195717,2.467385
43,55,631,KneeRight,-0.5353371,-0.106537,2.55532
43,55,631,AnkleRight,-0.5771754,-0.4431666,2.698161
43,55,631,FootRight,-0.5627828,-0.5338517,2.662658
43,55,631,SpineShoulder,-0.5809457,0.7413063,2.282907
43,55,631,HandTipLeft,-0.8203871,0.07925699,2.304936
43,55,631,ThumbLeft,-0.7571352,0.1504992,2.294118
43,55,631,HandTipRight,-0.4671292,0.05618178,2.523901
43,55,631,ThumbRight,-0.4488075,0.1376999,2.4732
43,55,718,SpineBase,-0.5621244,0.2293638,2.40848
43,55,718,SpineMid,-0.5542829,0.5174092,2.309523
43,55,718,Neck,-0.5433486,0.7947412,2.199435
43,55,719,Head,-0.4944377,0.9227625,2.166865
43,55,720,ShoulderLeft,-0.6592033,0.6706982,2.15503
43,55,720,ElbowLeft,-0.7707299,0.4178298,2.262129
43,55,720,WristLeft,-0.8191297,0.1822174,2.265405
43,55,720,HandLeft,-0.810617,0.1406111,2.273472
43,55,720,ShoulderRight,-0.4210972,0.6829412,2.332384
43,55,720,ElbowRight,-0.4124301,0.4149072,2.435443
43,55,720,WristRight,-0.3664766,0.1793163,2.454457
43,55,720,HandRight,-0.365085,0.1222213,2.442267
43,55,720,HipLeft,-0.6079957,0.223062,2.339897
43,55,720,KneeLeft,-0.6234305,-0.1172358,2.29239
43,55,720,AnkleLeft,-0.7155145,-0.4751588,2.511903
43,55,720,FootLeft,-0.703125,-0.5595703,2.466797
43,55,720,HipRight,-0.4995516,0.2288355,2.405342
43,55,720,KneeRight,-0.4913456,-0.1082363,2.518916
43,55,720,AnkleRight,-0.5753552,-0.4439898,2.695073
43,55,720,FootRight,-0.5644073,-0.5290887,2.65919
43,55,720,SpineShoulder,-0.546629,0.7270272,2.228987
43,55,720,HandTipLeft,-0.8178414,0.07355952,2.283921
43,55,720,ThumbLeft,-0.7695795,0.1575565,2.252833
43,55,720,HandTipRight,-0.3669383,0.08269805,2.457863
43,55,721,ThumbRight,-0.365961,0.1282959,2.405296
43,55,791,SpineBase,-0.5340298,0.2192739,2.365688
43,55,791,SpineMid,-0.5302584,0.5028489,2.270535
43,55,791,Neck,-0.5232798,0.7761439,2.16427
43,55,791,Head,-0.4747052,0.9039118,2.125826
43,55,791,ShoulderLeft,-0.6369775,0.6553207,2.12262
43,55,791,ElbowLeft,-0.7564384,0.4033361,2.241112
43,55,791,WristLeft,-0.804923,0.165939,2.244692
43,55,791,HandLeft,-0.7987837,0.131547,2.253971
43,55,791,ShoulderRight,-0.3985097,0.665681,2.283191
43,55,792,ElbowRight,-0.3790477,0.4072904,2.394194
43,55,792,WristRight,-0.3374722,0.1686727,2.410031
43,55,792,HandRight,-0.3379185,0.1425812,2.39767
43,55,792,HipLeft,-0.5824528,0.2133906,2.300492
43,55,792,KneeLeft,-0.5837708,-0.1407082,2.239367
43,55,792,AnkleLeft,-0.6122298,-0.5106868,2.381554
43,55,792,FootLeft,-0.59375,-0.6147461,2.335938
43,55,792,HipRight,-0.4703427,0.21885,2.360826
43,55,792,KneeRight,-0.4808011,-0.1132086,2.503487
43,55,792,AnkleRight,-0.5738199,-0.444677,2.690689
43,55,792,FootRight,-0.563879,-0.5272849,2.651219
43,55,792,SpineShoulder,-0.5256155,0.7094198,2.192922
43,55,792,HandTipLeft,-0.7932875,0.06079989,2.270117
43,55,792,ThumbLeft,-0.76885,0.141646,2.229917
43,55,792,HandTipRight,-0.3361902,0.07096567,2.401186
43,55,792,ThumbRight,-0.3259597,0.1282095,2.356933
43,55,902,SpineBase,-0.5020593,0.1755146,2.301019
43,55,902,SpineMid,-0.4985679,0.462619,2.203846
43,55,902,Neck,-0.4920371,0.7389329,2.095481
43,55,903,Head,-0.4456579,0.8653727,2.046687
43,55,903,ShoulderLeft,-0.6048394,0.614845,2.051151
43,55,903,ElbowLeft,-0.7056887,0.3654902,2.170129
43,55,903,WristLeft,-0.7689644,0.1352676,2.201608
43,55,903,HandLeft,-0.7657821,0.09469042,2.21237
43,55,903,ShoulderRight,-0.3625363,0.6291291,2.218692
43,55,903,ElbowRight,-0.3435158,0.3784621,2.323812
43,55,903,WristRight,-0.2875324,0.1425935,2.33974
43,55,903,HandRight,-0.2897485,0.1033811,2.332485
43,55,903,HipLeft,-0.5497451,0.1694257,2.234695
43,55,903,KneeLeft,-0.5491544,-0.1361663,2.180657
43,55,903,AnkleLeft,-0.487403,-0.5838837,2.21066
43,55,903,FootLeft,-0.4343262,-0.6660156,2.130859
43,55,903,HipRight,-0.4388919,0.176177,2.296211
43,55,903,KneeRight,-0.436868,-0.1165604,2.42356
43,55,903,AnkleRight,-0.5484339,-0.4654136,2.661439
43,55,903,FootRight,-0.5380859,-0.559082,2.640625
43,55,903,SpineShoulder,-0.4941989,0.6714792,2.124592
43,55,903,HandTipLeft,-0.7622633,0.02527889,2.23535
43,55,903,ThumbLeft,-0.7312387,0.1008601,2.183471
43,55,903,HandTipRight,-0.2903356,0.03711628,2.33747
43,55,903,ThumbRight,-0.2672124,0.09896686,2.3203
43,55,953,SpineBase,-0.4748095,0.1685058,2.23883
43,55,953,SpineMid,-0.4768425,0.44826,2.144706
43,55,953,Neck,-0.4757613,0.7172784,2.039478
43,55,954,Head,-0.4300402,0.8456814,1.993741
43,55,954,ShoulderLeft,-0.5861375,0.5906425,1.997172
43,55,954,ElbowLeft,-0.680105,0.3321154,2.121173
43,55,954,WristLeft,-0.7363933,0.09858985,2.145762
43,55,954,HandLeft,-0.7290096,0.03749732,2.16927
43,55,954,ShoulderRight,-0.3422099,0.6124282,2.161747
43,55,954,ElbowRight,-0.3197932,0.3735878,2.276729
43,55,954,WristRight,-0.2659637,0.1372667,2.295104
43,55,954,HandRight,-0.2612485,0.06760571,2.284027
43,55,954,HipLeft,-0.5231236,0.1607445,2.174661
43,55,954,KneeLeft,-0.5087468,-0.148582,2.123812
43,55,954,AnkleLeft,-0.4667129,-0.5913938,2.184822
43,55,954,FootLeft,-0.4062559,-0.6469499,2.088698
43,55,954,HipRight,-0.4115292,0.1709406,2.232254
43,55,954,KneeRight,-0.4126045,-0.1256863,2.370546
43,55,954,AnkleRight,-0.4913378,-0.393342,2.536015
43,55,954,FootRight,-0.5045439,-0.4909475,2.442615
43,55,954,SpineShoulder,-0.4765688,0.6516374,2.06779
43,55,954,HandTipLeft,-0.7217447,-0.00793075,2.185053
43,55,954,ThumbLeft,-0.6985117,0.05447207,2.137211
43,55,954,HandTipRight,-0.2669958,0.01531139,2.298052
43,55,954,ThumbRight,-0.2348042,0.06095087,2.266125
43,56,069,SpineBase,-0.432293,0.1531065,2.152284
43,56,069,SpineMid,-0.4438613,0.4386845,2.059721
43,56,069,Neck,-0.4521212,0.7129508,1.956096
43,56,069,Head,-0.4099889,0.840329,1.907871
43,56,069,ShoulderLeft,-0.5641368,0.5846782,1.913857
43,56,069,ElbowLeft,-0.6290051,0.3152472,2.020561
43,56,069,WristLeft,-0.655569,0.07421362,2.034008
43,56,069,HandLeft,-0.65159,0.03089978,2.047476
43,56,069,ShoulderRight,-0.3115056,0.606998,2.069698
43,56,069,ElbowRight,-0.2877111,0.3675757,2.198509
43,56,069,WristRight,-0.2390061,0.1313039,2.226531
43,56,069,HandRight,-0.2354139,0.06954119,2.213882
43,56,069,HipLeft,-0.4826278,0.145413,2.087162
43,56,069,KneeLeft,-0.4682803,-0.2269012,2.074811
43,56,069,AnkleLeft,-0.4613541,-0.598852,2.180506
43,56,069,FootLeft,-0.4259892,-0.6762993,2.132723
43,56,069,HipRight,-0.3678057,0.1557696,2.146721
43,56,069,KneeRight,-0.3633911,-0.1596379,2.259106
43,56,069,AnkleRight,-0.4775521,-0.4777085,2.550718
43,56,069,FootRight,-0.4221323,-0.5336952,2.453149
43,56,069,SpineShoulder,-0.4506127,0.6460723,1.983977
43,56,069,HandTipLeft,-0.6478271,-0.03615777,2.065999
43,56,069,ThumbLeft,-0.6180274,0.03678544,2.02216
43,56,069,HandTipRight,-0.2338719,0.02087153,2.221466
43,56,069,ThumbRight,-0.2076799,0.07088438,2.194111
43,56,152,SpineBase,-0.3820068,0.1330209,2.07952
43,56,152,SpineMid,-0.4029603,0.4283816,1.985708
43,56,152,Neck,-0.4204329,0.7116951,1.880765
43,56,152,Head,-0.377809,0.8361622,1.830315
43,56,152,ShoulderLeft,-0.5291492,0.5793056,1.834718
43,56,152,ElbowLeft,-0.5809247,0.3274845,1.908256
43,56,152,WristLeft,-0.5674418,0.08352461,1.907883
43,56,152,HandLeft,-0.547991,0.03178365,1.911576
43,56,152,ShoulderRight,-0.2809764,0.6115368,1.995383
43,56,152,ElbowRight,-0.250646,0.3461893,2.130243
43,56,152,WristRight,-0.2030702,0.1081795,2.147203
43,56,152,HandRight,-0.2158498,0.08217235,2.130432
43,56,152,HipLeft,-0.43029,0.1212232,2.014172
43,56,152,KneeLeft,-0.4538012,-0.2300225,2.025996
43,56,152,AnkleLeft,-0.4582386,-0.6025398,2.177659
43,56,152,FootLeft,-0.4257202,-0.6763358,2.132885
43,56,153,HipRight,-0.3207375,0.1402726,2.073901
43,56,153,KneeRight,-0.2969546,-0.1886535,2.140069
43,56,153,AnkleRight,-0.4436407,-0.4893699,2.441473
43,56,153,FootRight,-0.3974609,-0.5737305,2.462891
43,56,153,SpineShoulder,-0.4166344,0.6426537,1.908955
43,56,153,HandTipLeft,-0.5445166,-0.05280618,1.919932
43,56,154,ThumbLeft,-0.495796,0.03615383,1.893052
43,56,154,HandTipRight,-0.2081469,0.02633827,2.133147
43,56,154,ThumbRight,-0.1914991,0.06719419,2.132313
43,56,254,SpineBase,-0.3365391,0.1239613,2.006162
43,56,254,SpineMid,-0.362976,0.4201961,1.915821
43,56,254,Neck,-0.3859067,0.7038897,1.814315
43,56,254,Head,-0.3383765,0.8244694,1.763283
43,56,254,ShoulderLeft,-0.4900728,0.567902,1.764463
43,56,254,ElbowLeft,-0.5238348,0.3181314,1.806807
43,56,254,WristLeft,-0.4797533,0.07799496,1.783897
43,56,254,HandLeft,-0.4611623,0.02150518,1.78495
43,56,254,ShoulderRight,-0.2463659,0.606015,1.934837
43,56,254,ElbowRight,-0.2168789,0.3418915,2.070715
43,56,254,WristRight,-0.1695651,0.1044282,2.087588
43,56,254,HandRight,-0.1721182,0.07896875,2.066389
43,56,254,HipLeft,-0.3853617,0.1102351,1.937949
43,56,254,KneeLeft,-0.4421295,-0.2297955,1.990613
43,56,254,AnkleLeft,-0.4549282,-0.603636,2.173996
43,56,254,FootLeft,-0.4255439,-0.67636,2.133251
43,56,254,HipRight,-0.275838,0.1332781,2.003178
43,56,254,KneeRight,-0.2211834,-0.2064462,2.056219
43,56,254,AnkleRight,-0.3216744,-0.5427327,2.285921
43,56,254,FootRight,-0.2954102,-0.6259766,2.265625
43,56,254,SpineShoulder,-0.3807381,0.6348149,1.841634
43,56,254,HandTipLeft,-0.4406593,-0.05205091,1.783252
43,56,254,ThumbLeft,-0.4320968,0.02665796,1.75245
43,56,254,HandTipRight,-0.1641023,0.0330173,2.059371
43,56,254,ThumbRight,-0.155351,0.06204067,2.064417
43,56,358,SpineBase,-0.2922038,0.1000436,1.9477
43,56,358,SpineMid,-0.3174965,0.3977264,1.857
43,56,358,Neck,-0.3395001,0.6825262,1.754923
43,56,358,Head,-0.285395,0.8037469,1.703944
43,56,358,ShoulderLeft,-0.4416346,0.543937,1.703196
43,56,358,ElbowLeft,-0.4596028,0.2676452,1.73683
43,56,358,WristLeft,-0.3889555,0.03587653,1.691711
43,56,358,HandLeft,-0.3674107,0.01250227,1.694324
43,56,358,ShoulderRight,-0.2051867,0.5884694,1.879289
43,56,358,ElbowRight,-0.1714019,0.3276509,2.018071
43,56,358,WristRight,-0.3117111,0.05292584,1.894615
43,56,358,HandRight,-0.3986747,-0.1547464,1.880566
43,56,358,HipLeft,-0.3412043,0.08391298,1.881126
43,56,358,KneeLeft,-0.4115121,-0.2323818,1.945057
43,56,358,AnkleLeft,-0.4529639,-0.6026899,2.169759
43,56,358,FootLeft,-0.4255247,-0.6762552,2.133334
43,56,358,HipRight,-0.2325485,0.1124892,1.942811
43,56,358,KneeRight,-0.1762336,-0.2309785,1.990815
43,56,359,AnkleRight,-0.1666073,-0.6083708,2.109945
43,56,359,FootRight,-0.1062137,-0.6980043,2.064651
43,56,359,SpineShoulder,-0.3345236,0.6132245,1.782396
43,56,359,HandTipLeft,-0.3386192,-0.05592688,1.671811
43,56,359,ThumbLeft,-0.3403047,0.01991317,1.649021
43,56,359,HandTipRight,-0.4462954,-0.2176409,1.845622
43,56,359,ThumbRight,-0.3324267,-0.1834519,1.907333
43,56,425,SpineBase,-0.2586397,0.08188681,1.909206
43,56,425,SpineMid,-0.2813053,0.3804566,1.819386
43,56,425,Neck,-0.3009532,0.6659283,1.718004
43,56,425,Head,-0.2418056,0.7859819,1.670114
43,56,425,ShoulderLeft,-0.4014814,0.5282651,1.667305
43,56,425,ElbowLeft,-0.4202574,0.2544712,1.695976
43,56,425,WristLeft,-0.342968,0.0258057,1.645156
43,56,425,HandLeft,-0.3212913,-0.00568679,1.632455
43,56,425,ShoulderRight,-0.1672801,0.5687274,1.847235
43,56,425,ElbowRight,-0.136423,0.3111139,1.983973
43,56,425,WristRight,-0.2768817,0.03648152,1.860544
43,56,425,HandRight,-0.3720698,-0.1646055,1.845114
43,56,425,HipLeft,-0.3086587,0.06745332,1.840257
43,56,425,KneeLeft,-0.3902269,-0.2388634,1.921669
43,56,425,AnkleLeft,-0.4506392,-0.5990638,2.163927
43,56,425,FootLeft,-0.4256063,-0.6758543,2.133419
43,56,425,HipRight,-0.1989916,0.09323157,1.906496
43,56,425,KneeRight,-0.1494655,-0.2546851,1.955854
43,56,425,AnkleRight,-0.07207198,-0.6252446,2.003365
43,56,426,FootRight,-0.01356706,-0.7124065,1.94345
43,56,426,SpineShoulder,-0.2965202,0.5964897,1.745317
43,56,426,HandTipLeft,-0.2867727,-0.06701825,1.614851
43,56,426,ThumbLeft,-0.2920005,0.007524495,1.59646
43,56,426,HandTipRight,-0.4018665,-0.2239152,1.814317
43,56,426,ThumbRight,-0.2963338,-0.1781954,1.883353
43,56,497,SpineBase,-0.2263568,0.06149676,1.869282
43,56,497,SpineMid,-0.2412566,0.3625979,1.782564
43,56,497,Neck,-0.2536424,0.6503133,1.684054
43,56,497,Head,-0.1896472,0.7674309,1.637325
43,56,497,ShoulderLeft,-0.3532147,0.5125767,1.634405
43,56,497,ElbowLeft,-0.3781147,0.238783,1.661013
43,56,497,WristLeft,-0.3065566,0.0110781,1.604981
43,56,497,HandLeft,-0.2833872,-0.02875361,1.591493
43,56,497,ShoulderRight,-0.1258273,0.5429913,1.811311
43,56,497,ElbowRight,-0.1597214,0.2803373,1.809583
43,56,497,WristRight,-0.2892716,-0.008704134,1.718949
43,56,497,HandRight,-0.3425749,-0.1014401,1.769224
43,56,497,HipLeft,-0.2763148,0.05042356,1.800241
43,56,497,KneeLeft,-0.3508579,-0.2486286,1.874913
43,56,497,AnkleLeft,-0.4437208,-0.5954415,2.157015
43,56,497,FootLeft,-0.4254277,-0.6757862,2.133506
43,56,497,HipRight,-0.1677826,0.07019389,1.866482
43,56,497,KneeRight,-0.111151,-0.2859778,1.916527
43,56,497,AnkleRight,-0.0175635,-0.6211672,1.928103
43,56,497,FootRight,0.04123412,-0.6708049,1.836241
43,56,497,SpineShoulder,-0.2509452,0.5803519,1.710666
43,56,497,HandTipLeft,-0.2500596,-0.08947052,1.580816
43,56,497,ThumbLeft,-0.2534252,-0.01606277,1.553818
43,56,498,HandTipRight,-0.3579332,-0.1785002,1.772303
43,56,498,ThumbRight,-0.2611617,-0.1279,1.8001
43,56,600,SpineBase,-0.1521478,0.02904912,1.806339
43,56,600,SpineMid,-0.1610425,0.3354448,1.726069
43,56,601,Neck,-0.1682128,0.6278933,1.633634
43,56,601,Head,-0.09650991,0.7474509,1.592373
43,56,601,ShoulderLeft,-0.2697274,0.4935759,1.584081
43,56,601,ElbowLeft,-0.3257676,0.2501875,1.610379
43,56,601,WristLeft,-0.2732909,0.002113793,1.572847
43,56,601,HandLeft,-0.2537303,-0.05616782,1.559464
43,56,601,ShoulderRight,-0.05207647,0.5146676,1.752937
43,56,601,ElbowRight,-0.04016703,0.2578163,1.754645
43,56,601,WristRight,-0.01362359,-0.06505725,1.764932
43,56,601,HandRight,-0.02476773,-0.1118414,1.771091
43,56,601,HipLeft,-0.2030678,0.02235088,1.736504
43,56,601,KneeLeft,-0.2910782,-0.2492451,1.813603
43,56,601,AnkleLeft,-0.4202967,-0.5680619,2.117031
43,56,602,FootLeft,-0.3556878,-0.6191657,2.025285
43,56,602,HipRight,-0.09524246,0.03457675,1.803971
43,56,602,KneeRight,-0.03287244,-0.3145736,1.838352
43,56,602,AnkleRight,0.0295874,-0.6928266,1.88763
43,56,602,FootRight,0.06604482,-0.7627455,1.825858
43,56,602,SpineShoulder,-0.1666914,0.5568183,1.658751
43,56,602,HandTipLeft,-0.2251322,-0.1237846,1.554961
43,56,602,ThumbLeft,-0.2237905,-0.04815519,1.521737
43,56,602,HandTipRight,-0.03135033,-0.1648632,1.769785
43,56,602,ThumbRight,0.01506595,-0.1498651,1.760562
43,56,694,SpineBase,-0.08076447,0.01813485,1.743861
43,56,694,SpineMid,-0.0794466,0.331328,1.666137
43,56,694,Neck,-0.07744838,0.6297027,1.576027
43,56,694,Head,0.004244329,0.7365544,1.542585
43,56,694,ShoulderLeft,-0.187175,0.4985443,1.525672
43,56,694,ElbowLeft,-0.2673028,0.2425941,1.581354
43,56,695,WristLeft,-0.265867,0.0025286,1.564446
43,56,695,HandLeft,-0.2468736,-0.04732523,1.564251
43,56,695,ShoulderRight,0.03620833,0.499052,1.702263
43,56,695,ElbowRight,0.02473924,0.2283239,1.705948
43,56,695,WristRight,0.06564883,-0.09230818,1.712073
43,56,695,HandRight,0.05512356,-0.141829,1.719658
43,56,695,HipLeft,-0.1309925,0.01449687,1.671582
43,56,695,KneeLeft,-0.2152063,-0.2706382,1.734693
43,56,695,AnkleLeft,-0.3815466,-0.5704421,2.045956
43,56,695,FootLeft,-0.3168796,-0.6221655,1.953696
43,56,695,HipRight,-0.02729172,0.02101266,1.74363
43,56,695,KneeRight,0.02823618,-0.3006009,1.773019
43,56,695,AnkleRight,0.03392988,-0.689547,1.877285
43,56,695,FootRight,0.0660695,-0.7619278,1.825361
43,56,695,SpineShoulder,-0.07805606,0.5572602,1.600555
43,56,695,HandTipLeft,-0.2387094,-0.1233003,1.561331
43,56,695,ThumbLeft,-0.2211793,-0.04784526,1.521934
43,56,695,HandTipRight,0.06077843,-0.191366,1.714808
43,56,695,ThumbRight,0.09692717,-0.1657172,1.713083
43,56,800,SpineBase,-0.02982145,0.01039397,1.690827
43,56,800,SpineMid,-0.01646098,0.3245471,1.614773
43,56,801,Neck,-0.003463491,0.6233413,1.526199
43,56,801,Head,0.0818519,0.7240531,1.491036
43,56,801,ShoulderLeft,-0.125029,0.4988523,1.479878
43,56,801,ElbowLeft,-0.2408749,0.2290478,1.556732
43,56,801,WristLeft,-0.2551648,-0.009149727,1.556151
43,56,801,HandLeft,-0.2390176,-0.03794404,1.5635
43,56,801,ShoulderRight,0.1133397,0.4810643,1.660301
43,56,801,ElbowRight,0.07982431,0.2404583,1.628127
43,56,801,WristRight,0.1239535,-0.07839761,1.635998
43,56,801,HandRight,0.1429733,-0.2825445,1.707652
43,56,801,HipLeft,-0.08177933,0.01273717,1.621448
43,56,801,KneeLeft,-0.1292637,-0.2874201,1.640103
43,56,801,AnkleLeft,-0.304561,-0.5853594,1.953411
43,56,801,FootLeft,-0.2439369,-0.6368113,1.860099
43,56,801,HipRight,0.02330351,0.007609873,1.687507
43,56,801,KneeRight,0.08165995,-0.3143469,1.72803
43,56,801,AnkleRight,0.03940287,-0.685478,1.867699
43,56,801,FootRight,0.06665999,-0.7612192,1.825066
43,56,801,SpineShoulder,-0.006663624,0.550864,1.550335
43,56,801,HandTipLeft,-0.2395871,-0.1162532,1.576916
43,56,801,ThumbLeft,-0.1871263,-0.02466743,1.544286
43,56,801,HandTipRight,0.1627213,-0.3621403,1.709182
43,56,801,ThumbRight,0.167978,-0.2451585,1.710083
43,56,858,SpineBase,-0.002045385,0.0109238,1.679237
43,56,858,SpineMid,0.01373976,0.3240172,1.596361
43,56,858,Neck,0.02939567,0.6214264,1.499473
43,56,858,Head,0.119312,0.7163752,1.468001
43,56,858,ShoulderLeft,-0.1019001,0.4979436,1.463138
43,56,858,ElbowLeft,-0.2243759,0.225299,1.548094
43,56,858,WristLeft,-0.2441338,-0.01149362,1.552158
43,56,858,HandLeft,-0.2275067,-0.03180169,1.559701
43,56,858,ShoulderRight,0.1458589,0.4785646,1.634741
43,56,858,ElbowRight,0.1119462,0.238211,1.60865
43,56,858,WristRight,0.1634956,-0.06462859,1.690144
43,56,858,HandRight,0.1950719,-0.2671933,1.739288
43,56,858,HipLeft,-0.05625085,0.01393579,1.609974
43,56,858,KneeLeft,-0.09757727,-0.2922288,1.588397
43,56,858,AnkleLeft,-0.2353337,-0.6253279,1.88905
43,56,859,FootLeft,-0.2414551,-0.7006836,1.875977
43,56,859,HipRight,0.05220408,0.007408864,1.675679
43,56,859,KneeRight,0.09057871,-0.3174312,1.722134
43,56,859,AnkleRight,0.04152649,-0.6850872,1.866804
43,56,859,FootRight,0.0669854,-0.7602316,1.824943
43,56,859,SpineShoulder,0.02554396,0.5493499,1.525831
43,56,859,HandTipLeft,-0.2326766,-0.1076201,1.577226
43,56,859,ThumbLeft,-0.1780249,-0.01890743,1.534258
43,56,859,HandTipRight,0.1940147,-0.2751763,1.730058
43,56,859,ThumbRight,0.1918769,-0.2652141,1.722232
43,56,921,SpineBase,0.03120625,0.009772813,1.655746
43,56,921,SpineMid,0.04684383,0.32215,1.571223
43,56,922,Neck,0.06048854,0.6189072,1.474699
43,56,922,Head,0.1453146,0.7126775,1.447575
43,56,922,ShoulderLeft,-0.06775502,0.4943925,1.433993
43,56,922,ElbowLeft,-0.1947574,0.2197638,1.530689
43,56,922,WristLeft,-0.230515,-0.01448253,1.550563
43,56,922,HandLeft,-0.2144816,-0.04750757,1.556444
43,56,922,ShoulderRight,0.1793445,0.4784557,1.616213
43,56,922,ElbowRight,0.1745854,0.2103499,1.717691
43,56,923,WristRight,0.2150872,-0.04690336,1.713767
43,56,923,HandRight,0.2035986,-0.06221335,1.716247
43,56,923,HipLeft,-0.02334561,0.0115199,1.585883
43,56,923,KneeLeft,-0.05576647,-0.317048,1.558064
43,56,923,AnkleLeft,-0.1600767,-0.7003947,1.814815
43,56,923,FootLeft,-0.1403884,-0.7715797,1.768735
43,56,923,HipRight,0.08425471,0.007572304,1.652725
43,56,923,KneeRight,0.1197089,-0.32331,1.703547
43,56,923,AnkleRight,0.0442712,-0.6851201,1.862681
43,56,923,FootRight,0.01748657,-0.7578125,1.81543
43,56,923,SpineShoulder,0.05731944,0.5469928,1.500754
43,56,923,HandTipLeft,-0.2150935,-0.09962597,1.570819
43,56,923,ThumbLeft,-0.1849703,-0.05993539,1.530692
43,56,923,HandTipRight,0.2077295,-0.1177085,1.724192
43,56,923,ThumbRight,0.2211173,-0.08242286,1.706667
43,57,033,SpineBase,0.04952397,-0.004584156,1.60563
43,57,033,SpineMid,0.07565441,0.3124073,1.525769
43,57,033,Neck,0.09991329,0.6130553,1.433169
43,57,034,Head,0.1911348,0.7017473,1.4098
43,57,034,ShoulderLeft,-0.02682072,0.4825829,1.390244
43,57,034,ElbowLeft,-0.150651,0.2054105,1.485256
43,57,035,WristLeft,-0.1841504,-0.03003846,1.507182
43,57,035,HandLeft,-0.1640582,-0.04197329,1.520706
43,57,035,ShoulderRight,0.2125202,0.4654003,1.579082
43,57,035,ElbowRight,0.2099424,0.1938602,1.682532
43,57,035,WristRight,0.2481598,-0.04185718,1.688637
43,57,035,HandRight,0.2514995,-0.05129569,1.673826
43,57,035,HipLeft,-0.005119578,0.0009634842,1.531799
43,57,035,KneeLeft,-0.01786049,-0.3416625,1.524766
43,57,035,AnkleLeft,-0.02830433,-0.7429149,1.678032
43,57,035,FootLeft,0.01194003,-0.8006374,1.669368
43,57,035,HipRight,0.1017623,-0.009907717,1.606476
43,57,035,KneeRight,0.09603319,-0.3391623,1.642048
43,57,035,AnkleRight,0.043192,-0.7191886,1.843419
43,57,035,FootRight,0.05563405,-0.7788114,1.7666
43,57,035,SpineShoulder,0.09412291,0.5402555,1.458284
43,57,035,HandTipLeft,-0.1697593,-0.1104029,1.553228
43,57,035,ThumbLeft,-0.1158346,-0.05839428,1.498542
43,57,035,HandTipRight,0.2648002,-0.112818,1.664872
43,57,035,ThumbRight,0.2721154,-0.05887524,1.636
43,57,128,SpineBase,0.0752978,-0.02555056,1.55833
43,57,129,SpineMid,0.0946984,0.2991034,1.485318
43,57,129,Neck,0.1110083,0.6070394,1.403364
43,57,129,Head,0.2039989,0.698092,1.391517
43,57,129,ShoulderLeft,0.0004853276,0.4624738,1.343533
43,57,129,ElbowLeft,-0.1166627,0.1916422,1.41998
43,57,129,WristLeft,-0.1388569,-0.04649643,1.438487
43,57,129,HandLeft,-0.1180339,-0.06472304,1.451992
43,57,129,ShoulderRight,0.2181279,0.4622432,1.557509
43,57,129,ElbowRight,0.2301565,0.1882511,1.655057
43,57,129,WristRight,0.2866754,-0.04485292,1.635303
43,57,129,HandRight,0.2917285,-0.05449898,1.625217
43,57,129,HipLeft,0.02387024,-0.02289863,1.479073
43,57,129,KneeLeft,-0.01218775,-0.3397551,1.521262
43,57,129,AnkleLeft,0.02948003,-0.7695315,1.640671
43,57,129,FootLeft,0.07336861,-0.8214383,1.580334
43,57,129,HipRight,0.122695,-0.02673652,1.565168
43,57,129,KneeRight,0.1015053,-0.3412453,1.614012
43,57,129,AnkleRight,0.07522663,-0.7400808,1.804444
43,57,129,FootRight,0.09234619,-0.800293,1.711914
43,57,129,SpineShoulder,0.1070132,0.5326945,1.426004
43,57,129,HandTipLeft,-0.1018183,-0.1613612,1.473036
43,57,130,ThumbLeft,-0.07253899,-0.06378137,1.419929
43,57,130,HandTipRight,0.3095158,-0.1126564,1.609848
43,57,130,ThumbRight,0.3126365,-0.0544834,1.585978
43,57,232,SpineBase,0.1223499,-0.03742326,1.514644
43,57,232,SpineMid,0.1192669,0.2934961,1.443826
43,57,232,Neck,0.1156363,0.606261,1.361768
43,57,232,Head,0.2154102,0.696532,1.362218
43,57,232,ShoulderLeft,0.01656269,0.4471768,1.295796
43,57,232,ElbowLeft,-0.07453628,0.175527,1.342029
43,57,232,WristLeft,-0.07112157,-0.06353162,1.335813
43,57,232,HandLeft,-0.06092876,-0.09961414,1.352006
43,57,232,ShoulderRight,0.2231642,0.4610966,1.509805
43,57,233,ElbowRight,0.2574974,0.1546792,1.602706
43,57,233,WristRight,0.3080606,-0.07690289,1.605875
43,57,233,HandRight,0.3167571,-0.09003947,1.596658
43,57,233,HipLeft,0.07050216,-0.03673641,1.433936
43,57,233,KneeLeft,0.02130814,-0.3550433,1.490678
43,57,233,AnkleLeft,0.03226642,-0.7669258,1.638438
43,57,233,FootLeft,0.07743154,-0.8243995,1.606943
43,57,233,HipRight,0.168109,-0.03630976,1.522269
43,57,233,KneeRight,0.1896794,-0.3376268,1.603916
43,57,233,AnkleRight,0.07980759,-0.6598589,1.782515
43,57,233,FootRight,0.0889664,-0.7601307,1.722798
43,57,233,SpineShoulder,0.116378,0.5307186,1.384661
43,57,233,HandTipLeft,-0.06277849,-0.1478729,1.36084
43,57,233,ThumbLeft,-0.01286749,-0.07417546,1.328233
43,57,233,HandTipRight,0.329391,-0.1197363,1.588256
43,57,233,ThumbRight,0.3344913,-0.07412384,1.555644
43,57,331,SpineBase,0.1606955,-0.04120481,1.479959
43,57,332,SpineMid,0.1383577,0.2875681,1.412218
43,57,332,Neck,0.1204696,0.5976756,1.326729
43,57,332,Head,0.2176051,0.6933951,1.33385
43,57,332,ShoulderLeft,0.03173238,0.4308066,1.252631
43,57,332,ElbowLeft,-0.02563433,0.1506978,1.27189
43,57,332,WristLeft,0.008682393,-0.08319172,1.240173
43,57,332,HandLeft,0.0130521,-0.1118613,1.242831
43,57,332,ShoulderRight,0.2274401,0.4529603,1.479496
43,57,332,ElbowRight,0.2573725,0.1518536,1.580006
43,57,332,WristRight,0.3207532,-0.07486748,1.570263
43,57,332,HandRight,0.3109325,-0.09531539,1.570552
43,57,332,HipLeft,0.1109913,-0.05243267,1.398023
43,57,332,KneeLeft,0.06467175,-0.3658429,1.459337
43,57,332,AnkleLeft,0.03439945,-0.7659951,1.636073
43,57,332,FootLeft,0.07578266,-0.8262104,1.605344
43,57,332,HipRight,0.2011475,-0.02846322,1.490015
43,57,333,KneeRight,0.2172858,-0.3356794,1.552077
43,57,333,AnkleRight,0.08880358,-0.6535297,1.779359
43,57,333,FootRight,0.09751558,-0.7571861,1.736359
43,57,333,SpineShoulder,0.1249915,0.5227724,1.35018
43,57,333,HandTipLeft,0.0269845,-0.184256,1.24984
43,57,333,ThumbLeft,0.04852935,-0.09703347,1.256769
43,57,333,HandTipRight,0.3259303,-0.1269944,1.567509
43,57,333,ThumbRight,0.3380705,-0.07842781,1.550077
43,57,432,SpineBase,0.1636589,-0.04505662,1.479606
43,57,432,SpineMid,0.1457203,0.2827897,1.402309
43,57,432,Neck,0.1301845,0.5936611,1.302539
43,57,433,Head,0.2279715,0.6927548,1.315167
43,57,433,ShoulderLeft,0.04703746,0.4148275,1.230875
43,57,433,ElbowLeft,0.01310972,0.1243694,1.219298
43,57,433,WristLeft,0.08699114,-0.09929882,1.170797
43,57,433,HandLeft,0.09490604,-0.1150566,1.159641
43,57,433,ShoulderRight,0.2378088,0.4481452,1.452813
43,57,433,ElbowRight,0.2674302,0.1442362,1.551532
43,57,433,WristRight,0.2629417,-0.1734394,1.496044
43,57,433,HandRight,0.249391,-0.2729434,1.487527
43,57,434,HipLeft,0.1146746,-0.05658795,1.396399
43,57,434,KneeLeft,0.07295315,-0.3641211,1.448791
43,57,434,AnkleLeft,0.03559244,-0.7651317,1.634465
43,57,434,FootLeft,0.07757053,-0.8243772,1.608553
43,57,434,HipRight,0.2038119,-0.03193631,1.490282
43,57,434,KneeRight,0.2284768,-0.3549362,1.526445
43,57,434,AnkleRight,0.1065588,-0.6883104,1.782054
43,57,434,FootRight,0.140625,-0.7788086,1.763672
43,57,434,SpineShoulder,0.1342101,0.5184553,1.330085
43,57,434,HandTipLeft,0.1242645,-0.1747326,1.146538
43,57,434,ThumbLeft,0.1283274,-0.08757247,1.185875
43,57,434,HandTipRight,0.2452931,-0.3525807,1.480139
43,57,434,ThumbRight,0.2873466,-0.2624905,1.50792
43,57,529,SpineBase,0.166941,-0.04532306,1.477982
43,57,529,SpineMid,0.1548422,0.2824089,1.392213
43,57,529,Neck,0.1417479,0.5926009,1.288134
43,57,529,Head,0.2427114,0.6884562,1.298984
43,57,529,ShoulderLeft,0.06308556,0.4043043,1.215199
43,57,529,ElbowLeft,0.04818523,0.1092652,1.201676
43,57,529,WristLeft,0.1541982,-0.09836327,1.135852
43,57,530,HandLeft,0.1559492,-0.09772979,1.127719
43,57,530,ShoulderRight,0.2487441,0.4470558,1.439302
43,57,530,ElbowRight,0.2775394,0.1418111,1.539631
43,57,530,WristRight,0.2692118,-0.1781862,1.489282
43,57,530,HandRight,0.2599273,-0.2890229,1.475296
43,57,530,HipLeft,0.1193566,-0.05788785,1.393653
43,57,530,KneeLeft,0.07170426,-0.3592407,1.417737
43,57,530,AnkleLeft,0.03559984,-0.7656854,1.634686
43,57,530,FootLeft,0.07633369,-0.8268031,1.605224
43,57,530,HipRight,0.2061967,-0.03134345,1.489133
43,57,530,KneeRight,0.2184794,-0.3619971,1.502128
43,57,530,AnkleRight,0.1578334,-0.7303373,1.790023
43,57,530,FootRight,0.2108154,-0.7866211,1.75
43,57,530,SpineShoulder,0.1453736,0.5176622,1.316211
43,57,530,HandTipLeft,0.1955897,-0.1503234,1.111809
43,57,530,ThumbLeft,0.170195,-0.07543559,1.095812
43,57,530,HandTipRight,0.2660291,-0.3579983,1.483127
43,57,530,ThumbRight,0.3003466,-0.268378,1.489044
43,57,597,SpineBase,0.1711942,-0.04599993,1.47291
43,57,597,SpineMid,0.1608299,0.2807845,1.386004
43,57,598,Neck,0.1485059,0.5898549,1.28351
43,57,598,Head,0.2515659,0.683171,1.292981
43,57,598,ShoulderLeft,0.07008994,0.4033401,1.211404
43,57,598,ElbowLeft,0.05300036,0.1102033,1.201766
43,57,598,WristLeft,0.1675928,-0.09442596,1.137261
43,57,598,HandLeft,0.1947409,-0.1154191,1.126741
43,57,598,ShoulderRight,0.2555831,0.444248,1.434587
43,57,598,ElbowRight,0.2844813,0.1375898,1.535389
43,57,598,WristRight,0.276421,-0.1838362,1.484523
43,57,598,HandRight,0.2616312,-0.2922746,1.472447
43,57,598,HipLeft,0.1248228,-0.05982313,1.386161
43,57,598,KneeLeft,0.07244,-0.3594131,1.413866
43,57,598,AnkleLeft,0.03587053,-0.7663558,1.634287
43,57,598,FootLeft,0.07611013,-0.8285933,1.604457
43,57,598,HipRight,0.2091994,-0.0308676,1.485834
43,57,598,KneeRight,0.2189521,-0.3631949,1.500027
43,57,598,AnkleRight,0.166008,-0.7304153,1.780891
43,57,598,FootRight,0.2125244,-0.7891442,1.747235
43,57,598,SpineShoulder,0.1518395,0.5152407,1.3112
43,57,598,HandTipLeft,0.2345387,-0.1510605,1.124361
43,57,598,ThumbLeft,0.2203307,-0.08501823,1.12075
43,57,598,HandTipRight,0.2680625,-0.3688744,1.480501
43,57,598,ThumbRight,0.3029663,-0.2807436,1.493333
43,57,697,SpineBase,0.1863528,-0.04788183,1.470651
43,57,697,SpineMid,0.1733593,0.2789195,1.384811
43,57,697,Neck,0.159004,0.5877802,1.284071
43,57,697,Head,0.2599114,0.6848454,1.293836
43,57,697,ShoulderLeft,0.08436464,0.4047589,1.21452
43,57,697,ElbowLeft,0.06774257,0.1046062,1.20991
43,57,697,WristLeft,0.1780572,-0.1069987,1.161356
43,57,697,HandLeft,0.1848057,-0.1124863,1.170612
43,57,697,ShoulderRight,0.2660363,0.4421761,1.435107
43,57,697,ElbowRight,0.2949546,0.1341192,1.536425
43,57,697,WristRight,0.2872104,-0.1861739,1.485267
43,57,697,HandRight,0.2583008,-0.2965893,1.471671
43,57,698,HipLeft,0.138153,-0.06155122,1.384816
43,57,698,KneeLeft,0.07942303,-0.3556342,1.407218
43,57,698,AnkleLeft,0.03702252,-0.7670506,1.633636
43,57,698,FootLeft,0.07586101,-0.8306713,1.604882
43,57,698,HipRight,0.2250581,-0.03227969,1.482862
43,57,698,KneeRight,0.2094125,-0.3646529,1.482274
43,57,698,AnkleRight,0.16769,-0.7303164,1.777074
43,57,698,FootRight,0.2104071,-0.7920482,1.738533
43,57,698,SpineShoulder,0.1627896,0.5132217,1.311303
43,57,698,HandTipLeft,0.2365276,-0.1710175,1.163121
43,57,698,ThumbLeft,0.2072661,-0.08623962,1.148631
43,57,698,HandTipRight,0.2621678,-0.3716282,1.475887
43,57,698,ThumbRight,0.2914557,-0.2687013,1.505616
43,57,767,SpineBase,0.206372,-0.05516113,1.478805
43,57,767,SpineMid,0.1862064,0.2758882,1.388689
43,57,767,Neck,0.1664681,0.587409,1.2855
43,57,767,Head,0.2667792,0.687209,1.298426
43,57,767,ShoulderLeft,0.09341332,0.4057296,1.217877
43,57,768,ElbowLeft,0.0727644,0.1036894,1.219317
43,57,768,WristLeft,0.173703,-0.1163442,1.193209
43,57,768,HandLeft,0.1634925,-0.1217371,1.218402
43,57,768,ShoulderRight,0.273451,0.441804,1.436507
43,57,768,ElbowRight,0.3024294,0.1323885,1.538325
43,57,768,WristRight,0.2945504,-0.1864491,1.486766
43,57,768,HandRight,0.2607153,-0.2853471,1.477152
43,57,769,HipLeft,0.1563378,-0.06289496,1.394588
43,57,771,KneeLeft,0.08329234,-0.3585401,1.409711
43,57,771,AnkleLeft,0.03834256,-0.767785,1.632694
43,57,772,FootLeft,0.07627588,-0.8324537,1.604153
43,57,772,HipRight,0.2473263,-0.04607977,1.48982
43,57,772,KneeRight,0.2119738,-0.3657463,1.488717
43,57,772,AnkleRight,0.1682541,-0.7300376,1.776533
43,57,772,FootRight,0.2102795,-0.792922,1.73895
43,57,772,SpineShoulder,0.1714533,0.512316,1.313224
43,57,773,HandTipLeft,0.212705,-0.1890609,1.206392
43,57,773,ThumbLeft,0.1789254,-0.1061803,1.171074
43,57,773,HandTipRight,0.257821,-0.3626452,1.476523
43,57,773,ThumbRight,0.2869398,-0.2801797,1.508833
43,57,861,SpineBase,0.2155143,-0.05905608,1.474383
43,57,862,SpineMid,0.1950541,0.2740965,1.38835
43,57,862,Neck,0.1751266,0.5877674,1.288545
43,57,862,Head,0.2736098,0.690065,1.301038
43,57,862,ShoulderLeft,0.1016015,0.4074825,1.223281
43,57,863,ElbowLeft,0.07441761,0.1029294,1.244493
43,57,863,WristLeft,0.1354586,-0.1317985,1.253931
43,57,863,HandLeft,0.1384532,-0.1620654,1.267893
43,57,863,ShoulderRight,0.282046,0.4421689,1.439522
43,57,863,ElbowRight,0.3110676,0.1314089,1.541841
43,57,863,WristRight,0.3030061,-0.1860045,1.489843
43,57,863,HandRight,0.2734722,-0.263158,1.482806
43,57,863,HipLeft,0.1650725,-0.06340896,1.390707
43,57,863,KneeLeft,0.09582981,-0.3586188,1.418409
43,57,863,AnkleLeft,0.04130725,-0.7654581,1.629182
43,57,863,FootLeft,0.07517548,-0.8323107,1.60377
43,57,863,HipRight,0.2558402,-0.05294315,1.484603
43,57,863,KneeRight,0.2217784,-0.3590512,1.495352
43,57,863,AnkleRight,0.169846,-0.7291768,1.775812
43,57,863,FootRight,0.2102096,-0.7937044,1.740008
43,57,863,SpineShoulder,0.1801439,0.5120953,1.315408
43,57,863,HandTipLeft,0.1595512,-0.2118895,1.296904
43,57,863,ThumbLeft,0.1661554,-0.1338658,1.250778
43,57,863,HandTipRight,0.2632147,-0.3518229,1.478683
43,57,863,ThumbRight,0.3013434,-0.2638673,1.513261
43,57,965,SpineBase,0.2182006,-0.06177986,1.465557
43,57,965,SpineMid,0.1982884,0.273635,1.387155
43,57,965,Neck,0.1813885,0.5888942,1.292398
43,57,965,Head,0.279419,0.6927333,1.306427
43,57,965,ShoulderLeft,0.1051233,0.4093015,1.227205
43,57,965,ElbowLeft,0.05718962,0.1459733,1.273309
43,57,965,WristLeft,0.1058564,-0.1056596,1.280451
43,57,965,HandLeft,0.1117698,-0.1402101,1.300734
43,57,965,ShoulderRight,0.2882606,0.4433039,1.443352
43,57,965,ElbowRight,0.3172831,0.1318692,1.545913
43,57,965,WristRight,0.3091075,-0.1848284,1.493692
43,57,966,HandRight,0.2841713,-0.2657385,1.489711
43,57,966,HipLeft,0.1676398,-0.0637499,1.383515
43,57,966,KneeLeft,0.09961094,-0.3632049,1.426415
43,57,966,AnkleLeft,0.04221964,-0.7649626,1.628847
43,57,966,FootLeft,0.07537957,-0.8328567,1.600548
43,57,966,HipRight,0.2580132,-0.05786715,1.473741
43,57,966,KneeRight,0.2712184,-0.3472703,1.521039
43,57,966,AnkleRight,0.1702387,-0.7283664,1.77611
43,57,966,FootRight,0.2102004,-0.793696,1.739984
43,57,966,SpineShoulder,0.1852913,0.5126715,1.317537
43,57,966,HandTipLeft,0.1170455,-0.190727,1.301953
43,57,966,ThumbLeft,0.1465516,-0.1170843,1.30525
43,57,966,HandTipRight,0.2701645,-0.3525085,1.482587
43,57,966,ThumbRight,0.3177964,-0.2620432,1.516528
43,58,098,SpineBase,0.2244443,-0.06359063,1.467103
43,58,098,SpineMid,0.2043614,0.2725959,1.389273
43,58,098,Neck,0.185137,0.5891083,1.295519
43,58,098,Head,0.2820638,0.6948249,1.310652
43,58,098,ShoulderLeft,0.1074028,0.4108297,1.232109
43,58,098,ElbowLeft,0.0553118,0.1463213,1.276087
43,58,098,WristLeft,0.09833467,-0.09359632,1.288402
43,58,098,HandLeft,0.1131781,-0.1349838,1.302278
43,58,098,ShoulderRight,0.2919766,0.4435391,1.446457
43,58,098,ElbowRight,0.3210293,0.1314723,1.54927
43,58,098,WristRight,0.3127553,-0.1845362,1.496821
43,58,098,HandRight,0.2950198,-0.2727706,1.491481
43,58,098,HipLeft,0.174454,-0.06400865,1.386059
43,58,098,KneeLeft,0.1105301,-0.3680581,1.438344
43,58,098,AnkleLeft,0.0431902,-0.7647341,1.628199
43,58,098,FootLeft,0.07668064,-0.8325052,1.605764
43,58,098,HipRight,0.2634708,-0.06067228,1.474566
43,58,098,KneeRight,0.2727356,-0.3482182,1.520656
43,58,098,AnkleRight,0.1705201,-0.7268881,1.776732
43,58,098,FootRight,0.2094154,-0.7933948,1.740859
43,58,098,SpineShoulder,0.1899048,0.5126337,1.320706
43,58,098,HandTipLeft,0.125312,-0.2000274,1.311514
43,58,098,ThumbLeft,0.1537476,-0.1069401,1.294033
43,58,098,HandTipRight,0.2790364,-0.3624823,1.484737
43,58,098,ThumbRight,0.3321914,-0.2791211,1.5129
43,58,199,SpineBase,0.226515,-0.06418923,1.466427
43,58,199,SpineMid,0.2064919,0.2721923,1.389848
43,58,199,Neck,0.1872633,0.5890843,1.29843
43,58,199,Head,0.2830364,0.6960152,1.313187
43,58,199,ShoulderLeft,0.1082255,0.4117208,1.235072
43,58,199,ElbowLeft,0.0536771,0.1478145,1.277193
43,58,199,WristLeft,0.09847316,-0.09245071,1.287882
43,58,199,HandLeft,0.1145616,-0.1318375,1.299289
43,58,199,ShoulderRight,0.2940828,0.4435347,1.449354
43,58,199,ElbowRight,0.3231797,0.1308839,1.552398
43,58,200,WristRight,0.3148255,-0.1844926,1.499728
43,58,200,HandRight,0.2996827,-0.2786601,1.489217
43,58,200,HipLeft,0.1763229,-0.06435365,1.385801
43,58,200,KneeLeft,0.1139854,-0.3701195,1.442654
43,58,200,AnkleLeft,0.04370385,-0.7648167,1.627788
43,58,200,FootLeft,0.07601388,-0.8331406,1.604658
43,58,200,HipRight,0.2654999,-0.06136278,1.473482
43,58,200,KneeRight,0.2761964,-0.3516991,1.519507
43,58,200,AnkleRight,0.171611,-0.7218829,1.776099
43,58,200,FootRight,0.2099908,-0.7885678,1.737072
43,58,200,SpineShoulder,0.1921117,0.5125044,1.322979
43,58,200,HandTipLeft,0.1301614,-0.1986143,1.310327
43,58,200,ThumbLeft,0.1392009,-0.1292662,1.267148
43,58,200,HandTipRight,0.2866988,-0.3656054,1.48654
43,58,200,ThumbRight,0.3414908,-0.2713632,1.511
43,58,292,SpineBase,0.2280268,-0.06460229,1.466101
43,58,292,SpineMid,0.2076646,0.2720644,1.390327
43,58,292,Neck,0.1880096,0.5893671,1.300192
43,58,292,Head,0.2830656,0.697311,1.315228
43,58,292,ShoulderLeft,0.1083171,0.4122503,1.237039
43,58,292,ElbowLeft,0.05263516,0.1486474,1.278273
43,58,292,WristLeft,0.0985951,-0.09202044,1.287328
43,58,292,HandLeft,0.1163503,-0.1303012,1.299695
43,58,292,ShoulderRight,0.2948212,0.4438283,1.45111
43,58,292,ElbowRight,0.3239733,0.1306205,1.554373
43,58,292,WristRight,0.3155532,-0.1841765,1.501491
43,58,292,HandRight,0.3019869,-0.2813637,1.48827
43,58,292,HipLeft,0.1776708,-0.06449562,1.385758
43,58,292,KneeLeft,0.1156411,-0.3704612,1.443718
43,58,292,AnkleLeft,0.04388369,-0.7648537,1.627833
43,58,292,FootLeft,0.07549628,-0.8336561,1.6027
43,58,292,HipRight,0.26704,-0.06195851,1.472871
43,58,292,KneeRight,0.2767336,-0.3532611,1.515722
43,58,292,AnkleRight,0.1718204,-0.7187097,1.776009
43,58,292,FootRight,0.2080245,-0.7866265,1.738554
43,58,292,SpineShoulder,0.193018,0.5126751,1.32441
43,58,292,HandTipLeft,0.1311184,-0.1979434,1.311453
43,58,292,ThumbLeft,0.1437426,-0.1346539,1.265906
43,58,292,HandTipRight,0.2889476,-0.3654111,1.487255
43,58,292,ThumbRight,0.3439808,-0.2848513,1.507421
43,58,359,SpineBase,0.2282704,-0.06473427,1.465992
43,58,359,SpineMid,0.207969,0.2720574,1.390672
43,58,359,Neck,0.1881521,0.5897722,1.301927
43,58,359,Head,0.2825134,0.6984519,1.316788
43,58,359,ShoulderLeft,0.1082299,0.4126737,1.238041
43,58,359,ElbowLeft,0.05199216,0.1492133,1.278983
43,58,359,WristLeft,0.09918544,-0.09171351,1.287341
43,58,359,HandLeft,0.1158827,-0.1296784,1.301868
43,58,359,ShoulderRight,0.2949604,0.4442434,1.452841
43,58,359,ElbowRight,0.3241716,0.1305113,1.556309
43,58,359,WristRight,0.3156931,-0.1837437,1.503228
43,58,359,HandRight,0.3032057,-0.281644,1.489011
43,58,359,HipLeft,0.1780359,-0.06450579,1.385649
43,58,359,KneeLeft,0.1171474,-0.371519,1.444362
43,58,359,AnkleLeft,0.04396221,-0.7648774,1.627861
43,58,359,FootLeft,0.07497451,-0.8333274,1.602195
43,58,359,HipRight,0.2671707,-0.06216182,1.472766
43,58,360,KneeRight,0.2759275,-0.3553652,1.511674
43,58,360,AnkleRight,0.1722366,-0.7171371,1.775414
43,58,360,FootRight,0.2085983,-0.7863569,1.736766
43,58,360,SpineShoulder,0.1932712,0.5129529,1.325769
43,58,360,HandTipLeft,0.1308452,-0.1961823,1.309888
43,58,360,ThumbLeft,0.143021,-0.1289037,1.270382
43,58,360,HandTipRight,0.2900622,-0.3622808,1.487446
43,58,360,ThumbRight,0.3465507,-0.2855613,1.509313
43,58,452,SpineBase,0.2313308,-0.06518195,1.468552
43,58,452,SpineMid,0.2092401,0.2719177,1.392463
43,58,452,Neck,0.1880342,0.5898818,1.303048
43,58,452,Head,0.2816228,0.6996528,1.318619
43,58,453,ShoulderLeft,0.1079725,0.4129523,1.239021
43,58,453,ElbowLeft,0.05118058,0.1502098,1.279672
43,58,453,WristLeft,0.09940315,-0.09098749,1.287269
43,58,453,HandLeft,0.1153688,-0.1295114,1.301471
43,58,453,ShoulderRight,0.2948419,0.4443598,1.453959
43,58,453,ElbowRight,0.3241093,0.130141,1.557615
43,58,453,WristRight,0.3155783,-0.1836143,1.504346
43,58,453,HandRight,0.3029281,-0.2808589,1.491196
43,58,453,HipLeft,0.1823377,-0.06509674,1.389359
43,58,453,KneeLeft,0.117325,-0.3718994,1.444247
43,58,453,AnkleLeft,0.04432034,-0.7634577,1.627107
43,58,453,FootLeft,0.07426208,-0.8317901,1.601972
43,58,453,HipRight,0.2690146,-0.06237349,1.474411
43,58,453,KneeRight,0.2789983,-0.3552292,1.512768
43,58,453,AnkleRight,0.172274,-0.7173302,1.775494
43,58,453,FootRight,0.2145756,-0.7901297,1.73012
43,58,453,SpineShoulder,0.1934322,0.5130278,1.327085
43,58,453,HandTipLeft,0.1328776,-0.1962765,1.309853
43,58,453,ThumbLeft,0.1420596,-0.1295594,1.269392
43,58,453,HandTipRight,0.2874241,-0.3618468,1.487522
43,58,453,ThumbRight,0.3417196,-0.2786869,1.510796
43,58,534,SpineBase,0.2308271,-0.06540304,1.467853
43,58,534,SpineMid,0.2092133,0.2719277,1.392484
43,58,534,Neck,0.1879241,0.5902458,1.303918
43,58,534,Head,0.2811944,0.7005043,1.319739
43,58,534,ShoulderLeft,0.1077314,0.4135024,1.239648
43,58,534,ElbowLeft,0.05067693,0.1505224,1.279946
43,58,534,WristLeft,0.09920312,-0.09102,1.287289
43,58,534,HandLeft,0.1148952,-0.1308719,1.300901
43,58,534,ShoulderRight,0.2947316,0.4447283,1.454827
43,58,534,ElbowRight,0.3240522,0.130043,1.558666
43,58,534,WristRight,0.3154719,-0.1832399,1.505218
43,58,534,HandRight,0.3026505,-0.2807601,1.491632
43,58,534,HipLeft,0.1816499,-0.06482329,1.388059
43,58,534,KneeLeft,0.1177902,-0.3724678,1.444228
43,58,534,AnkleLeft,0.04458312,-0.7635744,1.626988
43,58,534,FootLeft,0.074162,-0.8316815,1.599533
43,58,534,HipRight,0.2685073,-0.0629524,1.474004
43,58,534,KneeRight,0.2801017,-0.3553212,1.513108
43,58,534,AnkleRight,0.1724232,-0.7172754,1.775184
43,58,534,FootRight,0.2073542,-0.7876942,1.739377
43,58,534,SpineShoulder,0.1933507,0.5132723,1.327682
43,58,534,HandTipLeft,0.1313545,-0.1980194,1.312148
43,58,534,ThumbLeft,0.1399875,-0.1331584,1.266266
43,58,534,HandTipRight,0.2871963,-0.3619458,1.488379
43,58,534,ThumbRight,0.3413368,-0.2855079,1.509243
43,58,621,SpineBase,0.2305415,-0.06542551,1.46765
43,58,622,SpineMid,0.2091647,0.2719418,1.392513
43,58,622,Neck,0.1878098,0.5903492,1.304195
43,58,622,Head,0.2806695,0.7012859,1.320596
43,58,622,ShoulderLeft,0.1074794,0.4136663,1.240072
43,58,622,ElbowLeft,0.0500381,0.1505159,1.280195
43,58,622,WristLeft,0.09892011,-0.09130546,1.287681
43,58,622,HandLeft,0.1135666,-0.1298925,1.301689
43,58,622,ShoulderRight,0.2946178,0.444833,1.455105
43,58,622,ElbowRight,0.3239878,0.1297015,1.559117
43,58,622,WristRight,0.3153603,-0.1831329,1.505497
43,58,622,HandRight,0.3026723,-0.2778739,1.492895
43,58,622,HipLeft,0.1813091,-0.06475241,1.387628
43,58,622,KneeLeft,0.1156848,-0.3722942,1.442915
43,58,622,AnkleLeft,0.04470941,-0.7637206,1.626962
43,58,622,FootLeft,0.07384217,-0.8314922,1.598977
43,58,622,HipRight,0.2682261,-0.06302525,1.473957
43,58,622,KneeRight,0.2817549,-0.3551609,1.514523
43,58,622,AnkleRight,0.1724345,-0.7171555,1.774928
43,58,622,FootRight,0.2060235,-0.7869977,1.739187
43,58,622,SpineShoulder,0.1932556,0.5133576,1.327913
43,58,622,HandTipLeft,0.1310614,-0.1959035,1.309701
43,58,622,ThumbLeft,0.1390367,-0.1323119,1.268271
43,58,622,HandTipRight,0.2874653,-0.3581339,1.489424
43,58,622,ThumbRight,0.3410654,-0.2789916,1.511064
43,58,720,SpineBase,0.2300615,-0.06551931,1.467501
43,58,720,SpineMid,0.2089913,0.2719609,1.392585
43,58,720,Neck,0.1875813,0.5904992,1.304478
43,58,720,Head,0.2804279,0.7016282,1.321164
43,58,720,ShoulderLeft,0.1072564,0.4137426,1.240294
43,58,720,ElbowLeft,0.04974552,0.1505221,1.280191
43,58,720,WristLeft,0.09868813,-0.09162131,1.287811
43,58,720,HandLeft,0.1134292,-0.1301671,1.302152
43,58,720,ShoulderRight,0.2943907,0.4449845,1.455388
43,58,720,ElbowRight,0.3238091,0.1294292,1.559565
43,58,720,WristRight,0.3151374,-0.1829802,1.505781
43,58,720,HandRight,0.3020172,-0.2778246,1.4932
43,58,720,HipLeft,0.1808563,-0.06475144,1.387366
43,58,720,KneeLeft,0.1160112,-0.3726895,1.443402
43,58,720,AnkleLeft,0.04535184,-0.764353,1.626773
43,58,720,FootLeft,0.07362568,-0.8319765,1.59727
43,58,720,HipRight,0.2676807,-0.06320082,1.473937
43,58,720,KneeRight,0.2822236,-0.3551004,1.514776
43,58,720,AnkleRight,0.172473,-0.7171723,1.774888
43,58,720,FootRight,0.2051547,-0.7865077,1.742584
43,58,720,SpineShoulder,0.1930444,0.5134782,1.328167
43,58,720,HandTipLeft,0.1281973,-0.1956867,1.309301
43,58,720,ThumbLeft,0.1524111,-0.09970757,1.29435
43,58,720,HandTipRight,0.2853914,-0.3583156,1.488389
43,58,720,ThumbRight,0.3392945,-0.2800679,1.509827
43,58,809,SpineBase,0.2295349,-0.06547231,1.466894
43,58,809,SpineMid,0.2087665,0.2720407,1.392612
43,58,809,Neck,0.1870972,0.5907596,1.305106
43,58,809,Head,0.279475,0.7025429,1.322245
43,58,809,ShoulderLeft,0.1069827,0.4140175,1.240534
43,58,809,ElbowLeft,0.04949456,0.1505004,1.280258
43,58,809,WristLeft,0.09938237,-0.09174138,1.288287
43,58,809,HandLeft,0.1146627,-0.1309674,1.30205
43,58,809,ShoulderRight,0.2939094,0.445248,1.456016
43,58,809,ElbowRight,0.3233784,0.1292886,1.560349
43,58,809,WristRight,0.3146663,-0.1827137,1.506409
43,58,809,HandRight,0.3013472,-0.2773789,1.49401
43,58,809,HipLeft,0.1801748,-0.06455252,1.386414
43,58,809,KneeLeft,0.1160391,-0.3727015,1.443421
43,58,809,AnkleLeft,0.04543977,-0.7645599,1.626824
43,58,809,FootLeft,0.07292499,-0.8319023,1.598387
43,58,809,HipRight,0.2672993,-0.06323769,1.473621
43,58,809,KneeRight,0.2825334,-0.3550274,1.515073
43,58,809,AnkleRight,0.1724962,-0.7173737,1.775008
43,58,809,FootRight,0.20478,-0.7863573,1.744045
43,58,809,SpineShoulder,0.1926448,0.5136929,1.328627
43,58,809,HandTipLeft,0.1319797,-0.19578,1.309979
43,58,810,ThumbLeft,0.1385131,-0.134247,1.267013
43,58,810,HandTipRight,0.2858134,-0.3581786,1.490551
43,58,810,ThumbRight,0.3400523,-0.2818951,1.511368
43,58,886,SpineBase,0.2290512,-0.06549749,1.466476
43,58,886,SpineMid,0.2084249,0.2721303,1.392661
43,58,886,Neck,0.1864783,0.5910603,1.305669
43,58,886,Head,0.2777526,0.703994,1.323006
43,58,886,ShoulderLeft,0.1067724,0.4140619,1.240704
43,58,886,ElbowLeft,0.04936787,0.1505053,1.280252
43,58,886,WristLeft,0.09947867,-0.09200535,1.288266
43,58,886,HandLeft,0.1143486,-0.1308293,1.301931
43,58,886,ShoulderRight,0.2932945,0.4455512,1.456579
43,58,886,ElbowRight,0.3228133,0.1292073,1.561062
43,58,886,WristRight,0.3140643,-0.1824094,1.506973
43,58,886,HandRight,0.3003469,-0.2768868,1.493743
43,58,886,HipLeft,0.1796701,-0.06452882,1.385838
43,58,887,KneeLeft,0.1160777,-0.3728032,1.443408
43,58,887,AnkleLeft,0.04551261,-0.7642854,1.62654
43,58,887,FootLeft,0.07262486,-0.8312713,1.598332
43,58,887,HipRight,0.2668542,-0.0632888,1.473368
43,58,887,KneeRight,0.2827042,-0.355087,1.515291
43,58,887,AnkleRight,0.1722908,-0.7175951,1.775141
43,58,887,FootRight,0.2047915,-0.786279,1.744242
43,58,887,SpineShoulder,0.1921101,0.5139412,1.329068
43,58,887,HandTipLeft,0.1323813,-0.1973469,1.311441
43,58,887,ThumbLeft,0.1405769,-0.1308342,1.268957
43,58,887,HandTipRight,0.2841051,-0.3585936,1.489111
43,58,887,ThumbRight,0.3393636,-0.2791975,1.511124
43,58,963,SpineBase,0.2292398,-0.06548579,1.466994
43,58,963,SpineMid,0.2083162,0.2722105,1.393121
43,58,963,Neck,0.1860026,0.5912274,1.30609
43,58,963,Head,0.2759311,0.7055875,1.323927
43,58,963,ShoulderLeft,0.1065301,0.4141244,1.240868
43,58,963,ElbowLeft,0.04930527,0.1504814,1.280248
43,58,963,WristLeft,0.09956765,-0.09229205,1.288307
43,58,963,HandLeft,0.1149197,-0.1310774,1.301713
43,58,964,ShoulderRight,0.2928217,0.4457203,1.457
43,58,964,ElbowRight,0.3223863,0.1290108,1.561624
43,58,964,WristRight,0.3136014,-0.1822387,1.507393
43,58,964,HandRight,0.3005148,-0.2778393,1.49368
43,58,964,HipLeft,0.1801931,-0.06461933,1.386656
43,58,964,KneeLeft,0.1142765,-0.3729724,1.442794
43,58,964,AnkleLeft,0.0454455,-0.7645996,1.626937
43,58,964,FootLeft,0.072799,-0.8310953,1.598926
43,58,964,HipRight,0.2668312,-0.06320577,1.473747
43,58,964,KneeRight,0.2827119,-0.3550658,1.515286
43,58,964,AnkleRight,0.1722995,-0.7174602,1.775063
43,58,964,FootRight,0.2118254,-0.7885659,1.735235
43,58,964,SpineShoulder,0.1917391,0.5140954,1.329543
43,58,964,HandTipLeft,0.131392,-0.1978457,1.31221
43,58,964,ThumbLeft,0.140363,-0.1349296,1.268395
43,58,964,HandTipRight,0.2854148,-0.3584092,1.489874
43,58,964,ThumbRight,0.3401969,-0.2784488,1.51249
43,59,061,SpineBase,0.2288965,-0.06543479,1.466718
43,59,061,SpineMid,0.20788,0.2724111,1.393268
43,59,061,Neck,0.1851349,0.5917585,1.306933
43,59,061,Head,0.2735955,0.7076036,1.325328
43,59,061,ShoulderLeft,0.1062289,0.4149621,1.241269
43,59,061,ElbowLeft,0.04919257,0.1504081,1.280294
43,59,061,WristLeft,0.09971558,-0.09260557,1.288311
43,59,061,HandLeft,0.1147965,-0.130988,1.302112
43,59,061,ShoulderRight,0.2919595,0.4462551,1.457844
43,59,061,ElbowRight,0.321575,0.129187,1.562608
43,59,061,WristRight,0.3127586,-0.1817044,1.508238
43,59,061,HandRight,0.3012724,-0.2786865,1.494223
43,59,061,HipLeft,0.1799035,-0.06450762,1.386244
43,59,061,KneeLeft,0.1144975,-0.373003,1.442965
43,59,061,AnkleLeft,0.04532563,-0.7645215,1.627558
43,59,061,FootLeft,0.07281259,-0.8315103,1.598457
43,59,061,HipRight,0.2663996,-0.06319655,1.473581
43,59,061,KneeRight,0.282795,-0.3548974,1.515333
43,59,061,AnkleRight,0.1721058,-0.7171547,1.775304
43,59,062,FootRight,0.2048393,-0.784456,1.742603
43,59,062,SpineShoulder,0.1909903,0.5145462,1.330215
43,59,062,HandTipLeft,0.1313535,-0.1975756,1.311798
43,59,062,ThumbLeft,0.1399274,-0.1340418,1.26845
43,59,062,HandTipRight,0.2842202,-0.3577907,1.48836
43,59,062,ThumbRight,0.3398922,-0.278332,1.510818
43,59,163,SpineBase,0.2285667,-0.06544189,1.466578
43,59,163,SpineMid,0.2072497,0.2725665,1.39367
43,59,163,Neck,0.1839352,0.5921892,1.308359
43,59,163,Head,0.2717642,0.7085316,1.326541
43,59,163,ShoulderLeft,0.1057221,0.415415,1.242053
43,59,163,ElbowLeft,0.04888137,0.1502884,1.280668
43,59,164,WristLeft,0.1010305,-0.09265182,1.288743
43,59,164,HandLeft,0.1148536,-0.1313392,1.303102
43,59,164,ShoulderRight,0.2907668,0.4466931,1.45927
43,59,164,ElbowRight,0.320437,0.129283,1.564165
43,59,164,WristRight,0.3115935,-0.1812596,1.50966
43,59,164,HandRight,0.30077,-0.2798531,1.492793
43,59,164,HipLeft,0.1796942,-0.06448776,1.386249
43,59,164,KneeLeft,0.1149019,-0.3732156,1.443427
43,59,164,AnkleLeft,0.04530449,-0.7636723,1.627436
43,59,164,FootLeft,0.07344341,-0.8304625,1.603875
43,59,164,HipRight,0.2658809,-0.06323881,1.473208
43,59,164,KneeRight,0.2829318,-0.3549686,1.515433
43,59,164,AnkleRight,0.1721033,-0.7171468,1.775295
43,59,164,FootRight,0.2037315,-0.7844113,1.741903
43,59,164,SpineShoulder,0.1899361,0.5149146,1.331399
43,59,164,HandTipLeft,0.133293,-0.1950497,1.308692
43,59,164,ThumbLeft,0.141392,-0.1264308,1.271958
43,59,164,HandTipRight,0.2865699,-0.3585413,1.489487
43,59,164,ThumbRight,0.3398291,-0.2809111,1.510607
43,59,257,SpineBase,0.2282752,-0.06549179,1.46633
43,59,257,SpineMid,0.206868,0.2726007,1.39383
43,59,257,Neck,0.1832962,0.5922969,1.30903
43,59,257,Head,0.27041,0.7092542,1.327117
43,59,257,ShoulderLeft,0.1050793,0.4156324,1.242526
43,59,257,ElbowLeft,0.04844484,0.1504524,1.280807
43,59,257,WristLeft,0.1007862,-0.0927389,1.288642
43,59,257,HandLeft,0.1158569,-0.1316111,1.300971
43,59,257,ShoulderRight,0.2901317,0.4468044,1.45994
43,59,257,ElbowRight,0.3198461,0.1290668,1.56496
43,59,257,WristRight,0.3109726,-0.1811435,1.510327
43,59,257,HandRight,0.3016287,-0.283999,1.491742
43,59,257,HipLeft,0.1795394,-0.06449927,1.386219
43,59,257,KneeLeft,0.115085,-0.3734103,1.443405
43,59,257,AnkleLeft,0.04532971,-0.7639371,1.627827
43,59,257,FootLeft,0.07341564,-0.8312284,1.603802
43,59,257,HipRight,0.2654039,-0.06333849,1.472589
43,59,257,KneeRight,0.2829852,-0.3549638,1.51538
43,59,257,AnkleRight,0.1721664,-0.7170742,1.775032
43,59,257,FootRight,0.2036793,-0.7844753,1.742263
43,59,258,SpineShoulder,0.1893613,0.5150103,1.331955
43,59,258,HandTipLeft,0.1350512,-0.196171,1.310855
43,59,258,ThumbLeft,0.1534529,-0.09901888,1.292977
43,59,258,HandTipRight,0.2879279,-0.3582318,1.487474
43,59,258,ThumbRight,0.3406394,-0.2781013,1.509597
43,59,333,SpineBase,0.2279535,-0.06548543,1.466208
43,59,333,SpineMid,0.2064065,0.2727188,1.394104
43,59,333,Neck,0.1826941,0.5925298,1.309758
43,59,333,Head,0.2693079,0.7100169,1.328128
43,59,334,ShoulderLeft,0.1042518,0.4159946,1.243536
43,59,334,ElbowLeft,0.04799534,0.1503599,1.281152
43,59,334,WristLeft,0.1011838,-0.09294005,1.288562
43,59,334,HandLeft,0.1145939,-0.1319714,1.301474
43,59,334,ShoulderRight,0.289533,0.447041,1.460667
43,59,334,ElbowRight,0.3192901,0.1289873,1.565811
43,59,334,WristRight,0.310388,-0.1809036,1.511053
43,59,334,HandRight,0.3020115,-0.2803296,1.492827
43,59,334,HipLeft,0.1792518,-0.06449978,1.386091
43,59,334,KneeLeft,0.1152075,-0.3735813,1.443519
43,59,334,AnkleLeft,0.04528986,-0.76388,1.627855
43,59,334,FootLeft,0.0733525,-0.8316183,1.603583
43,59,334,HipRight,0.2650729,-0.0633153,1.472508
43,59,334,KneeRight,0.2830522,-0.3549592,1.515368
43,59,334,AnkleRight,0.1722097,-0.7167568,1.774927
43,59,334,FootRight,0.2034041,-0.7845782,1.74606
43,59,334,SpineShoulder,0.1887873,0.5152231,1.332597
43,59,334,HandTipLeft,0.1354966,-0.1970733,1.311633
43,59,334,ThumbLeft,0.1416897,-0.1188796,1.275906
43,59,334,HandTipRight,0.2881647,-0.3549877,1.489123
43,59,334,ThumbRight,0.3396878,-0.2751681,1.508346
43,59,429,SpineBase,0.2278204,-0.06554542,1.466251
43,59,429,SpineMid,0.2059827,0.2727905,1.394471
43,59,429,Neck,0.1820275,0.5927965,1.310376
43,59,429,Head,0.2686435,0.7104759,1.329342
43,59,429,ShoulderLeft,0.1033736,0.4164068,1.244351
43,59,430,ElbowLeft,0.04754369,0.1503585,1.28115
43,59,430,WristLeft,0.1012177,-0.09307284,1.288699
43,59,430,HandLeft,0.1139044,-0.1317115,1.301669
43,59,430,ShoulderRight,0.2888706,0.4473106,1.461285
43,59,430,ElbowRight,0.3186698,0.1289515,1.566546
43,59,430,WristRight,0.3097406,-0.1806328,1.511669
43,59,430,HandRight,0.3016893,-0.2802719,1.494086
43,59,430,HipLeft,0.1790842,-0.06460488,1.386124
43,59,430,KneeLeft,0.115379,-0.3736162,1.443618
43,59,430,AnkleLeft,0.04530736,-0.763882,1.627818
43,59,430,FootLeft,0.07316051,-0.8320229,1.604127
43,59,430,HipRight,0.2649635,-0.0633349,1.472581
43,59,430,KneeRight,0.2760484,-0.357874,1.509775
43,59,430,AnkleRight,0.1721761,-0.7171334,1.774907
43,59,430,FootRight,0.2037198,-0.7853101,1.743341
43,59,430,SpineShoulder,0.1881794,0.5154454,1.333187
43,59,430,HandTipLeft,0.1320804,-0.1955566,1.311389
43,59,430,ThumbLeft,0.1367327,-0.1322517,1.268048
43,59,430,HandTipRight,0.2864504,-0.3546714,1.489608
43,59,430,ThumbRight,0.3404753,-0.2839717,1.51226
43,59,492,SpineBase,0.2272972,-0.06564027,1.466402
43,59,492,SpineMid,0.2052878,0.2728791,1.395068
43,59,493,Neck,0.1813305,0.5930471,1.311263
43,59,493,Head,0.2673102,0.7115613,1.331364
43,59,493,ShoulderLeft,0.1027569,0.4165939,1.244916
43,59,493,ElbowLeft,0.04699638,0.1503557,1.281474
43,59,493,WristLeft,0.1009719,-0.09323806,1.289147
43,59,493,HandLeft,0.1134953,-0.1312522,1.302357
43,59,493,ShoulderRight,0.2881776,0.4475659,1.462172
43,59,493,ElbowRight,0.3180183,0.1289153,1.567546
43,59,493,WristRight,0.309064,-0.180373,1.512554
43,59,493,HandRight,0.2999092,-0.2807928,1.495094
43,59,493,HipLeft,0.1786904,-0.06468818,1.386243
43,59,493,KneeLeft,0.1135409,-0.3734321,1.442956
43,59,493,AnkleLeft,0.04516053,-0.7648619,1.629502
43,59,493,FootLeft,0.07324228,-0.8335159,1.603518
43,59,493,HipRight,0.2643164,-0.06342395,1.472806
43,59,493,KneeRight,0.273053,-0.3589224,1.507767
43,59,493,AnkleRight,0.1722014,-0.7167548,1.77517
43,59,493,FootRight,0.2036497,-0.7853774,1.742849
43,59,493,SpineShoulder,0.1874776,0.5156628,1.334038
43,59,493,HandTipLeft,0.1324927,-0.195069,1.31096
43,59,493,ThumbLeft,0.1507615,-0.09980974,1.296682
43,59,493,HandTipRight,0.2872019,-0.3549582,1.491764
43,59,493,ThumbRight,0.339027,-0.278376,1.511159
43,59,561,SpineBase,0.2287728,-0.06470823,1.469784
43,59,561,SpineMid,0.205218,0.2733532,1.396719
43,59,561,Neck,0.1805966,0.59324,1.311805
43,59,561,Head,0.2663742,0.7120137,1.332176
43,59,562,ShoulderLeft,0.1020329,0.4167604,1.245419
43,59,562,ElbowLeft,0.04661501,0.1501254,1.281629
43,59,562,WristLeft,0.100528,-0.09368164,1.289668
43,59,562,HandLeft,0.1125595,-0.1320149,1.302276
43,59,562,ShoulderRight,0.2874484,0.4477614,1.462715
43,59,562,ElbowRight,0.3173296,0.1288267,1.568197
43,59,562,WristRight,0.3083508,-0.1801761,1.513094
43,59,562,HandRight,0.2996017,-0.28058,1.49645
43,59,562,HipLeft,0.1808345,-0.06457654,1.390178
43,59,562,KneeLeft,0.1122575,-0.373349,1.442338
43,59,562,AnkleLeft,0.0455961,-0.766946,1.630102
43,59,562,FootLeft,0.07340956,-0.8361303,1.602557
43,59,562,HipRight,0.2652569,-0.06170347,1.476016
43,59,562,KneeRight,0.2717335,-0.3597465,1.507144
43,59,562,AnkleRight,0.1719804,-0.7188211,1.77865
43,59,562,FootRight,0.2045212,-0.7873079,1.742703
43,59,562,SpineShoulder,0.1869038,0.5159033,1.334785
43,59,562,HandTipLeft,0.1301611,-0.1942973,1.308892
43,59,562,ThumbLeft,0.1510141,-0.1061515,1.297266
43,59,562,HandTipRight,0.2857238,-0.3552428,1.491326
43,59,562,ThumbRight,0.3381923,-0.2708871,1.515895
